Sample Number	Value
1	0
2	0.615432
3	0.615432
4	0.736033
5	0.736033
6	1.33852
7	1.33852
8	1.01488
9	1.01488
10	0.923414
11	0.923414
12	-1.03951
13	-1.03951
14	0.726204
15	0.726204
16	0.968999
17	0.968999
18	-0.629159
19	-0.629159
20	0.640668
21	0.640668
22	-1.21938
23	-1.21938
24	1.26644
25	1.26644
26	-0.148902
27	-0.148902
28	0.952542
29	0.952542
30	0.66308
31	0.66308
32	0.951099
33	0.951099
34	0.95817
35	0.95817
36	0.604008
37	0.604008
38	1.18736
39	1.18736
40	-1.16823
41	-1.16823
42	0.654767
43	0.654767
44	1.05217
45	1.05217
46	1.05387
47	1.05387
48	-1.18681
49	-1.18681
50	1.06506
51	1.06506
52	-1.21144
53	-1.21144
54	1.18156
55	1.18156
56	0.995839
57	0.995839
58	-0.787835
59	-0.787835
60	1.14487
61	1.14487
62	-0.808596
63	-0.808596
64	1.1093
65	1.1093
66	0.981717
67	0.981717
68	-1.17353
69	-1.17353
70	-1.06167
71	-1.06167
72	-1.18072
73	-1.18072
74	0.810235
75	0.810235
76	0.847974
77	0.847974
78	1.14031
79	1.14031
80	-1.11179
81	-1.11179
82	-0.997687
83	-0.997687
84	0.949822
85	0.949822
86	-0.903345
87	-0.903345
88	0.946871
89	0.946871
90	-1.11715
91	-1.11715
92	-1.0662
93	-1.0662
94	-1.14581
95	-1.14581
96	-0.929312
97	-0.929312
98	-1.19098
99	-1.19098
100	-1.09905
101	-1.09905
102	-0.904964
103	-0.904964
104	-1.21588
105	-1.21588
106	-0.875938
107	-0.875938
108	0.757244
109	0.757244
110	-1.08302
111	-1.08302
112	-1.11616
113	-1.11616
114	-0.562016
115	-0.562016
116	-0.819628
117	-0.819628
118	-1.18848
119	-1.18848
120	0.100993
121	0.100993
122	-1.06791
123	-1.06791
124	-0.749328
125	-0.749328
126	-0.858945
127	-0.858945
128	-1.06052
129	-1.06052
130	-0.587436
131	-0.587436
132	1.03589
133	1.03589
134	1.04096
135	1.04096
136	-1.06542
137	-1.06542
138	-0.927099
139	-0.927099
140	-1.12589
141	-1.12589
142	1.18407
143	1.18407
144	0.959581
145	0.959581
146	-0.932542
147	-0.932542
148	-0.741821
149	-0.741821
150	-0.758283
151	-0.758283
152	0.974391
153	0.974391
154	1.03608
155	1.03608
156	-0.685014
157	-0.685014
158	0.897901
159	0.897901
160	-0.843255
161	-0.843255
162	0.821548
163	0.821548
164	0.878953
165	0.878953
166	-0.978156
167	-0.978156
168	0.999601
169	0.999601
170	-0.992572
171	-0.992572
172	-0.89987
173	-0.89987
174	0.981872
175	0.981872
176	-0.938152
177	-0.938152
178	1.02598
179	1.02598
180	-0.156511
181	-0.156511
182	1.20165
183	1.20165
184	-1.02018
185	-1.02018
186	0.801046
187	0.801046
188	1.12074
189	1.12074
190	-0.610075
191	-0.610075
192	-1.09988
193	-1.09988
194	-0.822125
195	-0.822125
196	1.22094
197	1.22094
198	-0.786795
199	-0.786795
200	-0.92686
201	-0.92686
202	-1.00371
203	-1.00371
204	1.23238
205	1.23238
206	1.25884
207	1.25884
208	1.17882
209	1.17882
210	-0.67743
211	-0.67743
212	0.948007
213	0.948007
214	1.17596
215	1.17596
216	-1.00705
217	-1.00705
218	-0.887003
219	-0.887003
220	-0.951827
221	-0.951827
222	0.871139
223	0.871139
224	0.868656
225	0.868656
226	1.06842
227	1.06842
228	0.814711
229	0.814711
230	-1.12322
231	-1.12322
232	-1.36304
233	-1.36304
234	-1.2048
235	-1.2048
236	1.04312
237	1.04312
238	-0.859699
239	-0.859699
240	1.03935
241	1.03935
242	-0.748638
243	-0.748638
244	-1.23903
245	-1.23903
246	0.795489
247	0.795489
248	0.560524
249	0.560524
250	1.08987
251	1.08987
252	-0.668151
253	-0.668151
254	-0.867445
255	-0.867445
256	1.14403
257	1.14403
258	0.871963
259	0.871963
260	0.955994
261	0.955994
262	-1.2317
263	-1.2317
264	-1.00375
265	-1.00375
266	-1.00184
267	-1.00184
268	-1.01515
269	-1.01515
270	0.776927
271	0.776927
272	-0.633283
273	-0.633283
274	-1.04949
275	-1.04949
276	-1.13973
277	-1.13973
278	-0.76395
279	-0.76395
280	1.13972
281	1.13972
282	1.19064
283	1.19064
284	-0.969653
285	-0.969653
286	-1.09157
287	-1.09157
288	-0.9679
289	-0.9679
290	0.655237
291	0.655237
292	-0.454721
293	-0.454721
294	-1.04479
295	-1.04479
296	-1.2073
297	-1.2073
298	-0.958174
299	-0.958174
300	-0.763604
301	-0.763604
302	-1.037
303	-1.037
304	-0.451767
305	-0.451767
306	-0.852238
307	-0.852238
308	-0.995145
309	-0.995145
310	-1.17543
311	-1.17543
312	-0.929431
313	-0.929431
314	-1.05654
315	-1.05654
316	-1.19924
317	-1.19924
318	-1.14753
319	-1.14753
320	-0.986695
321	-0.986695
322	-0.809395
323	-0.809395
324	-1.0431
325	-1.0431
326	0.992419
327	0.992419
328	-0.997328
329	-0.997328
330	0.744481
331	0.744481
332	1.111
333	1.111
334	-0.923993
335	-0.923993
336	-0.87367
337	-0.87367
338	-1.12849
339	-1.12849
340	-0.356273
341	-0.356273
342	0.659876
343	0.659876
344	-0.991226
345	-0.991226
346	0.756268
347	0.756268
348	-1.32205
349	-1.32205
350	-0.801599
351	-0.801599
352	1.19044
353	1.19044
354	-0.927823
355	-0.927823
356	1.22506
357	1.22506
358	-0.985914
359	-0.985914
360	-0.815611
361	-0.815611
362	1.31413
363	1.31413
364	-0.822208
365	-0.822208
366	-1.07685
367	-1.07685
368	-0.75166
369	-0.75166
370	-1.08101
371	-1.08101
372	0.981464
373	0.981464
374	-0.494755
375	-0.494755
376	-0.848521
377	-0.848521
378	-1.30997
379	-1.30997
380	-1.17984
381	-1.17984
382	0.765606
383	0.765606
384	-0.965595
385	-0.965595
386	-0.90255
387	-0.90255
388	-1.00867
389	-1.00867
390	-0.821048
391	-0.821048
392	0.490096
393	0.490096
394	-0.751021
395	-0.751021
396	-0.942449
397	-0.942449
398	1.24304
399	1.24304
400	0.801103
401	0.801103
402	-0.944888
403	-0.944888
404	1.00861
405	1.00861
406	0.911789
407	0.911789
408	0.819118
409	0.819118
410	1.17939
411	1.17939
412	0.914315
413	0.914315
414	-0.999477
415	-0.999477
416	-1.2889
417	-1.2889
418	-0.912325
419	-0.912325
420	0.988319
421	0.988319
422	-0.950815
423	-0.950815
424	0.741512
425	0.741512
426	0.933082
427	0.933082
428	0.937511
429	0.937511
430	1.0749
431	1.0749
432	-0.949824
433	-0.949824
434	-0.940068
435	-0.940068
436	1.00915
437	1.00915
438	-0.657728
439	-0.657728
440	0.953792
441	0.953792
442	-0.730569
443	-0.730569
444	-0.820912
445	-0.820912
446	0.552214
447	0.552214
448	0.722293
449	0.722293
450	1.09664
451	1.09664
452	-0.846229
453	-0.846229
454	-1.09588
455	-1.09588
456	0.790268
457	0.790268
458	1.02909
459	1.02909
460	0.661259
461	0.661259
462	-0.44037
463	-0.44037
464	-0.827085
465	-0.827085
466	1.05203
467	1.05203
468	1.03823
469	1.03823
470	-0.786812
471	-0.786812
472	-0.444886
473	-0.444886
474	-0.819328
475	-0.819328
476	0.960009
477	0.960009
478	-1.00671
479	-1.00671
480	0.706273
481	0.706273
482	0.959043
483	0.959043
484	-1.1984
485	-1.1984
486	-0.939238
487	-0.939238
488	-0.710484
489	-0.710484
490	1.04562
491	1.04562
492	0.740449
493	0.740449
494	-1.00457
495	-1.00457
496	0.0350873
497	0.0350873
498	-0.926084
499	-0.926084
500	1.15784
501	1.15784
502	0.97143
503	0.97143
504	-1.16534
505	-1.16534
506	0.55353
507	0.55353
508	-1.01348
509	-1.01348
510	-1.17658
511	-1.17658
512	0.882397
513	0.882397
514	-0.953715
515	-0.953715
516	-0.933221
517	-0.933221
518	0.664218
519	0.664218
520	-0.728934
521	-0.728934
522	1.02654
523	1.02654
524	-0.785987
525	-0.785987
526	0.974809
527	0.974809
528	0.87029
529	0.87029
530	-0.671505
531	-0.671505
532	-1.21957
533	-1.21957
534	-0.742163
535	-0.742163
536	1.0689
537	1.0689
538	0.903372
539	0.903372
540	-0.833953
541	-0.833953
542	0.504218
543	0.504218
544	1.1769
545	1.1769
546	-1.05509
547	-1.05509
548	0.941059
549	0.941059
550	-1.23797
551	-1.23797
552	1.2802
553	1.2802
554	-0.917275
555	-0.917275
556	0.931401
557	0.931401
558	0.669467
559	0.669467
560	-0.931876
561	-0.931876
562	-0.959595
563	-0.959595
564	0.746463
565	0.746463
566	0.803065
567	0.803065
568	0.942154
569	0.942154
570	-0.875117
571	-0.875117
572	-1.06288
573	-1.06288
574	1.02042
575	1.02042
576	1.0164
577	1.0164
578	0.969544
579	0.969544
580	-0.952155
581	-0.952155
582	0.864148
583	0.864148
584	1.11829
585	1.11829
586	0.817894
587	0.817894
588	0.837575
589	0.837575
590	-1.20554
591	-1.20554
592	0.981269
593	0.981269
594	0.810507
595	0.810507
596	-0.469365
597	-0.469365
598	-1.00528
599	-1.00528
600	1.25277
601	1.25277
602	0.981065
603	0.981065
604	0.974573
605	0.974573
606	-1.2202
607	-1.2202
608	1.05269
609	1.05269
610	0.764401
611	0.764401
612	0.996046
613	0.996046
614	0.796936
615	0.796936
616	-0.678974
617	-0.678974
618	0.842125
619	0.842125
620	-0.580023
621	-0.580023
622	0.449903
623	0.449903
624	-0.759112
625	-0.759112
626	0.86417
627	0.86417
628	0.798579
629	0.798579
630	-0.895634
631	-0.895634
632	0.85633
633	0.85633
634	-0.703037
635	-0.703037
636	1.05003
637	1.05003
638	-0.947019
639	-0.947019
640	-0.223601
641	-0.223601
642	0.757358
643	0.757358
644	0.594283
645	0.594283
646	-0.583638
647	-0.583638
648	-1.30046
649	-1.30046
650	0.772887
651	0.772887
652	-1.101
653	-1.101
654	0.983041
655	0.983041
656	0.778189
657	0.778189
658	-1.18181
659	-1.18181
660	-1.05099
661	-1.05099
662	-1.03225
663	-1.03225
664	0.967619
665	0.967619
666	0.977502
667	0.977502
668	-1.10694
669	-1.10694
670	-1.29814
671	-1.29814
672	0.878132
673	0.878132
674	0.511476
675	0.511476
676	-1.26503
677	-1.26503
678	0.774718
679	0.774718
680	-0.824383
681	-0.824383
682	-0.36732
683	-0.36732
684	-1.26157
685	-1.26157
686	-1.05099
687	-1.05099
688	-1.19264
689	-1.19264
690	0.870678
691	0.870678
692	-0.885228
693	-0.885228
694	-0.408554
695	-0.408554
696	1.01071
697	1.01071
698	-0.858732
699	-0.858732
700	0.902226
701	0.902226
702	-0.750457
703	-0.750457
704	-1.1705
705	-1.1705
706	-1.12745
707	-1.12745
708	-0.724093
709	-0.724093
710	0.778891
711	0.778891
712	-1.08201
713	-1.08201
714	-1.20639
715	-1.20639
716	-0.869879
717	-0.869879
718	0.915776
719	0.915776
720	0.918909
721	0.918909
722	-1.07818
723	-1.07818
724	1.12422
725	1.12422
726	-1.21565
727	-1.21565
728	1.08313
729	1.08313
730	1.03001
731	1.03001
732	-0.477266
733	-0.477266
734	-1.00341
735	-1.00341
736	-0.618291
737	-0.618291
738	-1.01669
739	-1.01669
740	-0.731466
741	-0.731466
742	0.750395
743	0.750395
744	1.04662
745	1.04662
746	-0.767276
747	-0.767276
748	-1.17649
749	-1.17649
750	-0.96655
751	-0.96655
752	1.23396
753	1.23396
754	1.03322
755	1.03322
756	-1.01752
757	-1.01752
758	0.864501
759	0.864501
760	-1.06305
761	-1.06305
762	-0.895034
763	-0.895034
764	0.966142
765	0.966142
766	-1.06845
767	-1.06845
768	-1.06846
769	-1.06846
770	-1.1076
771	-1.1076
772	0.636733
773	0.636733
774	-0.853684
775	-0.853684
776	-0.923744
777	-0.923744
778	-1.0445
779	-1.0445
780	0.989552
781	0.989552
782	0.861183
783	0.861183
784	-0.937701
785	-0.937701
786	0.863813
787	0.863813
788	-0.739954
789	-0.739954
790	0.943061
791	0.943061
792	1.12179
793	1.12179
794	-1.16602
795	-1.16602
796	-1.26834
797	-1.26834
798	-0.91943
799	-0.91943
800	1.00942
801	1.00942
802	1.16425
803	1.16425
804	-0.647111
805	-0.647111
806	1.28931
807	1.28931
808	1.16488
809	1.16488
810	1.07773
811	1.07773
812	1.23081
813	1.23081
814	-1.03162
815	-1.03162
816	1.11145
817	1.11145
818	0.922766
819	0.922766
820	1.17784
821	1.17784
822	-0.752567
823	-0.752567
824	-1.05546
825	-1.05546
826	0.960499
827	0.960499
828	0.8509
829	0.8509
830	1.00619
831	1.00619
832	-1.10305
833	-1.10305
834	-1.16033
835	-1.16033
836	-0.794136
837	-0.794136
838	0.856731
839	0.856731
840	0.805238
841	0.805238
842	-1.22516
843	-1.22516
844	-0.944198
845	-0.944198
846	1.00105
847	1.00105
848	1.0102
849	1.0102
850	0.787238
851	0.787238
852	-1.0913
853	-1.0913
854	-1.1743
855	-1.1743
856	0.845571
857	0.845571
858	1.10466
859	1.10466
860	0.959143
861	0.959143
862	0.940742
863	0.940742
864	0.788748
865	0.788748
866	0.881852
867	0.881852
868	1.15684
869	1.15684
870	1.06396
871	1.06396
872	1.18745
873	1.18745
874	0.900452
875	0.900452
876	1.04415
877	1.04415
878	0.964485
879	0.964485
880	0.828894
881	0.828894
882	-1.11445
883	-1.11445
884	0.773384
885	0.773384
886	1.1254
887	1.1254
888	1.02372
889	1.02372
890	1.24713
891	1.24713
892	0.985812
893	0.985812
894	0.995995
895	0.995995
896	1.12957
897	1.12957
898	0.595226
899	0.595226
900	1.00102
901	1.00102
902	0.933807
903	0.933807
904	1.15383
905	1.15383
906	0.994263
907	0.994263
908	1.01377
909	1.01377
910	1.09587
911	1.09587
912	1.03058
913	1.03058
914	-0.715054
915	-0.715054
916	1.28008
917	1.28008
918	-0.908985
919	-0.908985
920	-1.10672
921	-1.10672
922	1.10744
923	1.10744
924	0.493953
925	0.493953
926	1.13249
927	1.13249
928	-1.12627
929	-1.12627
930	-0.833483
931	-0.833483
932	0.72762
933	0.72762
934	-1.13176
935	-1.13176
936	1.02872
937	1.02872
938	1.09678
939	1.09678
940	-0.854187
941	-0.854187
942	0.256199
943	0.256199
944	-0.822783
945	-0.822783
946	1.13318
947	1.13318
948	1.09193
949	1.09193
950	-0.942505
951	-0.942505
952	1.08083
953	1.08083
954	-0.494831
955	-0.494831
956	0.981901
957	0.981901
958	0.789684
959	0.789684
960	-1.05267
961	-1.05267
962	0.803401
963	0.803401
964	1.03837
965	1.03837
966	0.891222
967	0.891222
968	1.00431
969	1.00431
970	-0.909696
971	-0.909696
972	-0.723573
973	-0.723573
974	0.864391
975	0.864391
976	0.879987
977	0.879987
978	-1.29335
979	-1.29335
980	-0.961378
981	-0.961378
982	-0.77751
983	-0.77751
984	0.944579
985	0.944579
986	-1.11537
987	-1.11537
988	-0.500675
989	-0.500675
990	1.12947
991	1.12947
992	-1.08507
993	-1.08507
994	1.04993
995	1.04993
996	0.964057
997	0.964057
998	-1.20468
999	-1.20468
1000	1.04703
1001	1.04703
1002	-0.845197
1003	-0.845197
1004	1.00973
1005	1.00973
1006	0.985515
1007	0.985515
1008	-0.937557
1009	-0.937557
1010	-1.20307
1011	-1.20307
1012	0.887294
1013	0.887294
1014	1.06582
1015	1.06582
1016	0.970142
1017	0.970142
1018	-0.70174
1019	-0.70174
1020	-0.299125
1021	-0.299125
1022	-1.35249
1023	-1.35249
1024	-0.786605
1025	-0.786605
1026	0.780245
1027	0.780245
1028	1.35542
1029	1.35542
1030	-0.542621
1031	-0.542621
1032	0.976275
1033	0.976275
1034	0.8772
1035	0.8772
1036	1.22708
1037	1.22708
1038	1.16051
1039	1.16051
1040	-1.11076
1041	-1.11076
1042	0.819703
1043	0.819703
1044	0.911795
1045	0.911795
1046	-1.23941
1047	-1.23941
1048	1.08005
1049	1.08005
1050	-1.18766
1051	-1.18766
1052	1.14438
1053	1.14438
1054	1.07566
1055	1.07566
1056	-0.716664
1057	-0.716664
1058	-1.07584
1059	-1.07584
1060	-1.04881
1061	-1.04881
1062	-0.944882
1063	-0.944882
1064	0.807782
1065	0.807782
1066	-0.892258
1067	-0.892258
1068	-0.956886
1069	-0.956886
1070	-1.06886
1071	-1.06886
1072	-0.675243
1073	-0.675243
1074	0.945612
1075	0.945612
1076	-1.16516
1077	-1.16516
1078	-0.833719
1079	-0.833719
1080	-1.20845
1081	-1.20845
1082	0.89239
1083	0.89239
1084	1.23548
1085	1.23548
1086	-0.703355
1087	-0.703355
1088	-1.00476
1089	-1.00476
1090	-0.933299
1091	-0.933299
1092	0.557753
1093	0.557753
1094	1.00411
1095	1.00411
1096	-1.08582
1097	-1.08582
1098	1.0314
1099	1.0314
1100	-0.988905
1101	-0.988905
1102	0.776519
1103	0.776519
1104	1.03123
1105	1.03123
1106	-1.14045
1107	-1.14045
1108	0.896978
1109	0.896978
1110	-1.13026
1111	-1.13026
1112	0.518435
1113	0.518435
1114	0.825532
1115	0.825532
1116	-0.241986
1117	-0.241986
1118	-1.04797
1119	-1.04797
1120	-0.548456
1121	-0.548456
1122	0.966533
1123	0.966533
1124	0.854951
1125	0.854951
1126	-0.695834
1127	-0.695834
1128	-1.14131
1129	-1.14131
1130	-0.970851
1131	-0.970851
1132	-1.11411
1133	-1.11411
1134	0.924659
1135	0.924659
1136	-0.954419
1137	-0.954419
1138	-0.852139
1139	-0.852139
1140	-0.819204
1141	-0.819204
1142	-1.03082
1143	-1.03082
1144	0.477577
1145	0.477577
1146	-0.889315
1147	-0.889315
1148	0.814653
1149	0.814653
1150	1.09486
1151	1.09486
1152	-1.13347
1153	-1.13347
1154	0.79657
1155	0.79657
1156	-0.963564
1157	-0.963564
1158	-0.949033
1159	-0.949033
1160	0.590294
1161	0.590294
1162	-1.1704
1163	-1.1704
1164	0.660529
1165	0.660529
1166	-1.06064
1167	-1.06064
1168	-1.02161
1169	-1.02161
1170	0.950596
1171	0.950596
1172	1.18829
1173	1.18829
1174	1.2665
1175	1.2665
1176	1.2493
1177	1.2493
1178	-0.646665
1179	-0.646665
1180	0.964231
1181	0.964231
1182	1.0693
1183	1.0693
1184	-0.765078
1185	-0.765078
1186	1.01153
1187	1.01153
1188	0.830531
1189	0.830531
1190	-0.75183
1191	-0.75183
1192	-0.926695
1193	-0.926695
1194	-0.682261
1195	-0.682261
1196	0.86952
1197	0.86952
1198	-1.03115
1199	-1.03115
1200	1.02178
1201	1.02178
1202	-0.650203
1203	-0.650203
1204	-0.655901
1205	-0.655901
1206	0.748809
1207	0.748809
1208	-0.746279
1209	-0.746279
1210	0.719586
1211	0.719586
1212	-0.868078
1213	-0.868078
1214	-1.11279
1215	-1.11279
1216	1.03079
1217	1.03079
1218	0.708383
1219	0.708383
1220	0.790659
1221	0.790659
1222	-1.05438
1223	-1.05438
1224	-0.909571
1225	-0.909571
1226	-0.480084
1227	-0.480084
1228	-1.10837
1229	-1.10837
1230	1.07123
1231	1.07123
1232	1.21571
1233	1.21571
1234	-0.931434
1235	-0.931434
1236	-1.02365
1237	-1.02365
1238	0.540465
1239	0.540465
1240	0.985169
1241	0.985169
1242	-1.16969
1243	-1.16969
1244	0.935666
1245	0.935666
1246	-0.906841
1247	-0.906841
1248	0.931918
1249	0.931918
1250	0.826007
1251	0.826007
1252	-0.964308
1253	-0.964308
1254	1.07123
1255	1.07123
1256	-0.922241
1257	-0.922241
1258	1.09064
1259	1.09064
1260	1.04199
1261	1.04199
1262	1.1166
1263	1.1166
1264	0.910389
1265	0.910389
1266	0.284619
1267	0.284619
1268	1.17569
1269	1.17569
1270	-0.847887
1271	-0.847887
1272	-0.901063
1273	-0.901063
1274	0.671165
1275	0.671165
1276	-0.225674
1277	-0.225674
1278	-1.1306
1279	-1.1306
1280	-0.66101
1281	-0.66101
1282	-0.800536
1283	-0.800536
1284	0.992601
1285	0.992601
1286	0.859718
1287	0.859718
1288	1.20736
1289	1.20736
1290	0.558787
1291	0.558787
1292	1.01694
1293	1.01694
1294	-0.813216
1295	-0.813216
1296	0.826679
1297	0.826679
1298	1.10545
1299	1.10545
1300	-0.621523
1301	-0.621523
1302	-1.26373
1303	-1.26373
1304	-0.963807
1305	-0.963807
1306	1.28463
1307	1.28463
1308	0.543829
1309	0.543829
1310	0.864956
1311	0.864956
1312	1.08884
1313	1.08884
1314	-1.22476
1315	-1.22476
1316	1.17403
1317	1.17403
1318	0.34112
1319	0.34112
1320	1.09081
1321	1.09081
1322	1.17169
1323	1.17169
1324	-1.24407
1325	-1.24407
1326	-0.444851
1327	-0.444851
1328	0.962511
1329	0.962511
1330	1.15269
1331	1.15269
1332	0.712197
1333	0.712197
1334	-0.817102
1335	-0.817102
1336	-0.951756
1337	-0.951756
1338	-1.22575
1339	-1.22575
1340	-1.04145
1341	-1.04145
1342	1.07041
1343	1.07041
1344	-0.712084
1345	-0.712084
1346	-1.03656
1347	-1.03656
1348	1.1818
1349	1.1818
1350	-0.948003
1351	-0.948003
1352	0.638853
1353	0.638853
1354	-0.894564
1355	-0.894564
1356	-1.1851
1357	-1.1851
1358	0.730758
1359	0.730758
1360	-0.954741
1361	-0.954741
1362	-0.952265
1363	-0.952265
1364	-1.07033
1365	-1.07033
1366	-0.857326
1367	-0.857326
1368	1.02063
1369	1.02063
1370	-0.976446
1371	-0.976446
1372	0.870688
1373	0.870688
1374	-0.805267
1375	-0.805267
1376	1.20362
1377	1.20362
1378	1.18145
1379	1.18145
1380	-0.958305
1381	-0.958305
1382	0.771742
1383	0.771742
1384	-1.01609
1385	-1.01609
1386	0.944914
1387	0.944914
1388	-0.91247
1389	-0.91247
1390	1.0361
1391	1.0361
1392	0.6051
1393	0.6051
1394	-0.972971
1395	-0.972971
1396	0.859919
1397	0.859919
1398	1.18346
1399	1.18346
1400	-1.04059
1401	-1.04059
1402	-1.0182
1403	-1.0182
1404	0.949333
1405	0.949333
1406	0.979708
1407	0.979708
1408	1.08222
1409	1.08222
1410	-0.646858
1411	-0.646858
1412	1.16534
1413	1.16534
1414	1.15766
1415	1.15766
1416	0.968405
1417	0.968405
1418	-1.07095
1419	-1.07095
1420	1.12771
1421	1.12771
1422	-0.955914
1423	-0.955914
1424	1.10646
1425	1.10646
1426	1.0936
1427	1.0936
1428	1.1133
1429	1.1133
1430	1.1682
1431	1.1682
1432	0.934012
1433	0.934012
1434	-0.75527
1435	-0.75527
1436	-0.954603
1437	-0.954603
1438	0.833424
1439	0.833424
1440	1.01808
1441	1.01808
1442	1.1664
1443	1.1664
1444	-1.15145
1445	-1.15145
1446	0.9947
1447	0.9947
1448	-0.965228
1449	-0.965228
1450	-0.627606
1451	-0.627606
1452	0.857746
1453	0.857746
1454	0.761963
1455	0.761963
1456	1.07714
1457	1.07714
1458	0.87819
1459	0.87819
1460	1.01799
1461	1.01799
1462	0.994485
1463	0.994485
1464	-0.408197
1465	-0.408197
1466	1.01925
1467	1.01925
1468	0.187061
1469	0.187061
1470	0.701691
1471	0.701691
1472	0.876615
1473	0.876615
1474	0.825114
1475	0.825114
1476	-0.711158
1477	-0.711158
1478	0.584488
1479	0.584488
1480	0.695243
1481	0.695243
1482	-1.19842
1483	-1.19842
1484	-1.02572
1485	-1.02572
1486	0.501797
1487	0.501797
1488	0.99321
1489	0.99321
1490	-0.948013
1491	-0.948013
1492	-0.83351
1493	-0.83351
1494	-0.926489
1495	-0.926489
1496	0.992063
1497	0.992063
1498	-1.01298
1499	-1.01298
1500	-0.786928
1501	-0.786928
1502	0.854509
1503	0.854509
1504	-0.86018
1505	-0.86018
1506	0.894439
1507	0.894439
1508	-1.12169
1509	-1.12169
1510	-1.03349
1511	-1.03349
1512	0.776045
1513	0.776045
1514	1.17115
1515	1.17115
1516	-0.835429
1517	-0.835429
1518	-0.511815
1519	-0.511815
1520	1.04275
1521	1.04275
1522	0.980227
1523	0.980227
1524	1.14326
1525	1.14326
1526	-0.0896298
1527	-0.0896298
1528	-0.692226
1529	-0.692226
1530	0.736457
1531	0.736457
1532	0.728362
1533	0.728362
1534	-0.292057
1535	-0.292057
1536	1.12411
1537	1.12411
1538	1.0432
1539	1.0432
1540	-0.687736
1541	-0.687736
1542	0.731499
1543	0.731499
1544	1.01213
1545	1.01213
1546	0.650261
1547	0.650261
1548	1.28147
1549	1.28147
1550	1.24901
1551	1.24901
1552	0.952596
1553	0.952596
1554	1.25302
1555	1.25302
1556	-0.995653
1557	-0.995653
1558	-0.709839
1559	-0.709839
1560	0.752733
1561	0.752733
1562	1.05699
1563	1.05699
1564	0.554594
1565	0.554594
1566	0.707623
1567	0.707623
1568	-0.443573
1569	-0.443573
1570	0.959699
1571	0.959699
1572	-0.722845
1573	-0.722845
1574	0.927664
1575	0.927664
1576	1.04037
1577	1.04037
1578	0.384591
1579	0.384591
1580	-0.560362
1581	-0.560362
1582	-1.05702
1583	-1.05702
1584	0.3527
1585	0.3527
1586	1.01247
1587	1.01247
1588	0.490185
1589	0.490185
1590	0.224255
1591	0.224255
1592	-0.527785
1593	-0.527785
1594	-0.00711425
1595	-0.00711425
1596	1.15854
1597	1.15854
1598	1.08346
1599	1.08346
1600	-1.01824
1601	-1.01824
1602	0.519373
1603	0.519373
1604	1.1296
1605	1.1296
1606	-1.04733
1607	-1.04733
1608	-1.04511
1609	-1.04511
1610	-1.11017
1611	-1.11017
1612	1.2753
1613	1.2753
1614	0.97111
1615	0.97111
1616	0.966275
1617	0.966275
1618	-1.03035
1619	-1.03035
1620	1.11819
1621	1.11819
1622	-0.753352
1623	-0.753352
1624	-0.798507
1625	-0.798507
1626	1.37538
1627	1.37538
1628	-0.979012
1629	-0.979012
1630	1.06293
1631	1.06293
1632	-1.09936
1633	-1.09936
1634	-0.476068
1635	-0.476068
1636	-0.702401
1637	-0.702401
1638	-1.13022
1639	-1.13022
1640	-0.757016
1641	-0.757016
1642	1.05513
1643	1.05513
1644	0.632923
1645	0.632923
1646	0.791996
1647	0.791996
1648	-0.854836
1649	-0.854836
1650	-1.13398
1651	-1.13398
1652	1.20636
1653	1.20636
1654	0.983602
1655	0.983602
1656	0.741692
1657	0.741692
1658	1.14938
1659	1.14938
1660	-0.932555
1661	-0.932555
1662	1.20799
1663	1.20799
1664	1.00305
1665	1.00305
1666	0.963587
1667	0.963587
1668	1.09833
1669	1.09833
1670	1.0322
1671	1.0322
1672	-0.95846
1673	-0.95846
1674	1.14869
1675	1.14869
1676	-0.608608
1677	-0.608608
1678	0.987502
1679	0.987502
1680	0.782543
1681	0.782543
1682	1.10014
1683	1.10014
1684	0.825502
1685	0.825502
1686	-1.19771
1687	-1.19771
1688	1.12811
1689	1.12811
1690	0.788025
1691	0.788025
1692	-1.24111
1693	-1.24111
1694	1.27192
1695	1.27192
1696	-1.10571
1697	-1.10571
1698	0.72165
1699	0.72165
1700	1.1937
1701	1.1937
1702	-0.900403
1703	-0.900403
1704	0.963071
1705	0.963071
1706	-0.988218
1707	-0.988218
1708	1.19487
1709	1.19487
1710	0.886541
1711	0.886541
1712	-1.13622
1713	-1.13622
1714	0.831327
1715	0.831327
1716	-1.19133
1717	-1.19133
1718	0.942527
1719	0.942527
1720	0.985674
1721	0.985674
1722	-0.867831
1723	-0.867831
1724	0.803324
1725	0.803324
1726	-1.12638
1727	-1.12638
1728	-1.02705
1729	-1.02705
1730	0.954226
1731	0.954226
1732	-0.990587
1733	-0.990587
1734	0.864523
1735	0.864523
1736	-1.00917
1737	-1.00917
1738	-1.09289
1739	-1.09289
1740	0.979734
1741	0.979734
1742	1.11817
1743	1.11817
1744	-1.18892
1745	-1.18892
1746	-0.872002
1747	-0.872002
1748	-1.16652
1749	-1.16652
1750	-0.820356
1751	-0.820356
1752	1.14573
1753	1.14573
1754	-0.950548
1755	-0.950548
1756	-1.10381
1757	-1.10381
1758	0.801092
1759	0.801092
1760	-1.23645
1761	-1.23645
1762	0.884062
1763	0.884062
1764	-0.723266
1765	-0.723266
1766	-1.0693
1767	-1.0693
1768	0.890092
1769	0.890092
1770	-1.14349
1771	-1.14349
1772	1.02379
1773	1.02379
1774	-1.01316
1775	-1.01316
1776	-0.861999
1777	-0.861999
1778	0.98085
1779	0.98085
1780	1.02343
1781	1.02343
1782	-1.03214
1783	-1.03214
1784	-1.25978
1785	-1.25978
1786	1.12385
1787	1.12385
1788	0.879439
1789	0.879439
1790	0.669764
1791	0.669764
1792	-1.03486
1793	-1.03486
1794	1.29053
1795	1.29053
1796	0.825987
1797	0.825987
1798	1.14136
1799	1.14136
1800	1.13558
1801	1.13558
1802	-0.965144
1803	-0.965144
1804	1.1166
1805	1.1166
1806	0.552838
1807	0.552838
1808	0.19005
1809	0.19005
1810	-1.17319
1811	-1.17319
1812	0.937182
1813	0.937182
1814	0.937007
1815	0.937007
1816	0.695359
1817	0.695359
1818	-1.26609
1819	-1.26609
1820	-0.888537
1821	-0.888537
1822	0.760929
1823	0.760929
1824	-0.948473
1825	-0.948473
1826	0.71189
1827	0.71189
1828	-1.09151
1829	-1.09151
1830	-1.07549
1831	-1.07549
1832	0.983294
1833	0.983294
1834	0.0648535
1835	0.0648535
1836	-1.29366
1837	-1.29366
1838	-0.964273
1839	-0.964273
1840	-1.10369
1841	-1.10369
1842	-1.19854
1843	-1.19854
1844	0.539968
1845	0.539968
1846	0.77978
1847	0.77978
1848	-0.88004
1849	-0.88004
1850	-1.28171
1851	-1.28171
1852	-0.203401
1853	-0.203401
1854	0.661199
1855	0.661199
1856	-0.802326
1857	-0.802326
1858	0.376788
1859	0.376788
1860	-0.768495
1861	-0.768495
1862	0.909509
1863	0.909509
1864	1.06639
1865	1.06639
1866	-1.01571
1867	-1.01571
1868	0.915521
1869	0.915521
1870	-0.993497
1871	-0.993497
1872	1.04635
1873	1.04635
1874	1.11643
1875	1.11643
1876	0.947415
1877	0.947415
1878	0.96125
1879	0.96125
1880	-1.37756
1881	-1.37756
1882	1.05904
1883	1.05904
1884	-1.02523
1885	-1.02523
1886	-0.831467
1887	-0.831467
1888	1.19782
1889	1.19782
1890	-0.829157
1891	-0.829157
1892	0.847004
1893	0.847004
1894	0.608054
1895	0.608054
1896	-1.282
1897	-1.282
1898	0.996279
1899	0.996279
1900	-0.451688
1901	-0.451688
1902	0.877157
1903	0.877157
1904	-1.18245
1905	-1.18245
1906	-0.784361
1907	-0.784361
1908	0.694983
1909	0.694983
1910	-0.270012
1911	-0.270012
1912	0.960507
1913	0.960507
1914	-0.863699
1915	-0.863699
1916	-1.08973
1917	-1.08973
1918	0.826894
1919	0.826894
1920	-0.789399
1921	-0.789399
1922	0.835699
1923	0.835699
1924	-0.795638
1925	-0.795638
1926	-0.834148
1927	-0.834148
1928	0.828344
1929	0.828344
1930	0.421097
1931	0.421097
1932	0.821927
1933	0.821927
1934	-0.58554
1935	-0.58554
1936	-1.2082
1937	-1.2082
1938	-0.667155
1939	-0.667155
1940	0.0745737
1941	0.0745737
1942	-1.02052
1943	-1.02052
1944	-1.24808
1945	-1.24808
1946	-0.704388
1947	-0.704388
1948	1.20885
1949	1.20885
1950	0.746169
1951	0.746169
1952	0.91459
1953	0.91459
1954	0.604621
1955	0.604621
1956	1.15865
1957	1.15865
1958	-1.11095
1959	-1.11095
1960	1.07488
1961	1.07488
1962	1.17467
1963	1.17467
1964	-0.70517
1965	-0.70517
1966	-0.968242
1967	-0.968242
1968	-0.871454
1969	-0.871454
1970	0.81327
1971	0.81327
1972	0.850383
1973	0.850383
1974	-1.07988
1975	-1.07988
1976	1.01668
1977	1.01668
1978	0.774381
1979	0.774381
1980	1.22935
1981	1.22935
1982	0.93884
1983	0.93884
1984	-0.862536
1985	-0.862536
1986	-0.979669
1987	-0.979669
1988	0.855728
1989	0.855728
1990	0.835983
1991	0.835983
1992	-1.05872
1993	-1.05872
1994	0.927395
1995	0.927395
1996	0.815874
1997	0.815874
1998	1.24749
1999	1.24749
2000	1.21066
2001	1.21066
2002	-1.11921
2003	-1.11921
2004	0.701096
2005	0.701096
2006	1.02071
2007	1.02071
2008	0.975199
2009	0.975199
2010	-1.10285
2011	-1.10285
2012	0.976616
2013	0.976616
2014	-0.930267
2015	-0.930267
2016	0.933684
2017	0.933684
2018	0.993033
2019	0.993033
2020	-1.27848
2021	-1.27848
2022	0.978231
2023	0.978231
2024	-1.01252
2025	-1.01252
2026	-0.963295
2027	-0.963295
2028	0.779947
2029	0.779947
2030	-0.573822
2031	-0.573822
2032	0.497089
2033	0.497089
2034	-0.93093
2035	-0.93093
2036	-0.966526
2037	-0.966526
2038	1.1365
2039	1.1365
2040	1.40301
2041	1.40301
2042	0.891751
2043	0.891751
2044	0.610803
2045	0.610803
2046	-0.910444
2047	-0.910444
2048	-0.722727
2049	-0.722727
2050	0.879588
2051	0.879588
2052	0.686111
2053	0.686111
2054	1.10601
2055	1.10601
2056	-0.913804
2057	-0.913804
2058	-0.869824
2059	-0.869824
2060	0.598763
2061	0.598763
2062	-1.05181
2063	-1.05181
2064	1.10467
2065	1.10467
2066	0.952913
2067	0.952913
2068	-1.01872
2069	-1.01872
2070	1.07564
2071	1.07564
2072	0.840134
2073	0.840134
2074	1.143
2075	1.143
2076	1.07094
2077	1.07094
2078	-0.766401
2079	-0.766401
2080	1.00177
2081	1.00177
2082	-0.786625
2083	-0.786625
2084	-0.900136
2085	-0.900136
2086	0.882096
2087	0.882096
2088	-1.21894
2089	-1.21894
2090	1.10343
2091	1.10343
2092	1.06326
2093	1.06326
2094	-0.916631
2095	-0.916631
2096	0.921387
2097	0.921387
2098	-1.36792
2099	-1.36792
2100	-0.647662
2101	-0.647662
2102	1.09341
2103	1.09341
2104	0.970357
2105	0.970357
2106	-1.03582
2107	-1.03582
2108	-0.760972
2109	-0.760972
2110	0.951861
2111	0.951861
2112	1.09525
2113	1.09525
2114	0.88525
2115	0.88525
2116	-1.09809
2117	-1.09809
2118	-0.825622
2119	-0.825622
2120	1.10416
2121	1.10416
2122	0.668599
2123	0.668599
2124	-0.386171
2125	-0.386171
2126	1.03058
2127	1.03058
2128	-0.983375
2129	-0.983375
2130	-1.1211
2131	-1.1211
2132	-0.963877
2133	-0.963877
2134	-1.26527
2135	-1.26527
2136	1.28106
2137	1.28106
2138	0.839964
2139	0.839964
2140	-0.873609
2141	-0.873609
2142	-1.00372
2143	-1.00372
2144	-0.256206
2145	-0.256206
2146	1.21214
2147	1.21214
2148	0.841341
2149	0.841341
2150	-0.545948
2151	-0.545948
2152	0.936433
2153	0.936433
2154	-1.12737
2155	-1.12737
2156	-0.981943
2157	-0.981943
2158	1.08338
2159	1.08338
2160	-0.769884
2161	-0.769884
2162	1.18814
2163	1.18814
2164	-1.04616
2165	-1.04616
2166	-0.758383
2167	-0.758383
2168	0.844428
2169	0.844428
2170	-1.01403
2171	-1.01403
2172	-0.969258
2173	-0.969258
2174	-0.981956
2175	-0.981956
2176	-0.820592
2177	-0.820592
2178	0.942749
2179	0.942749
2180	0.185213
2181	0.185213
2182	-1.02966
2183	-1.02966
2184	-0.986871
2185	-0.986871
2186	-0.803771
2187	-0.803771
2188	1.08044
2189	1.08044
2190	-0.790589
2191	-0.790589
2192	1.25239
2193	1.25239
2194	-0.791504
2195	-0.791504
2196	1.01495
2197	1.01495
2198	0.820172
2199	0.820172
2200	-1.02189
2201	-1.02189
2202	1.08091
2203	1.08091
2204	0.718833
2205	0.718833
2206	1.09366
2207	1.09366
2208	0.737377
2209	0.737377
2210	1.01949
2211	1.01949
2212	-0.449199
2213	-0.449199
2214	-0.96393
2215	-0.96393
2216	-0.904813
2217	-0.904813
2218	1.14389
2219	1.14389
2220	-0.883142
2221	-0.883142
2222	-0.483391
2223	-0.483391
2224	-1.1946
2225	-1.1946
2226	-1.03783
2227	-1.03783
2228	0.908903
2229	0.908903
2230	-0.996106
2231	-0.996106
2232	0.436495
2233	0.436495
2234	-1.18981
2235	-1.18981
2236	1.12274
2237	1.12274
2238	1.07347
2239	1.07347
2240	-0.703782
2241	-0.703782
2242	0.961236
2243	0.961236
2244	-1.12641
2245	-1.12641
2246	0.934883
2247	0.934883
2248	0.904912
2249	0.904912
2250	-1.23182
2251	-1.23182
2252	0.855181
2253	0.855181
2254	-0.921555
2255	-0.921555
2256	0.966907
2257	0.966907
2258	0.765693
2259	0.765693
2260	-0.92952
2261	-0.92952
2262	0.394202
2263	0.394202
2264	1.08214
2265	1.08214
2266	0.709255
2267	0.709255
2268	-0.795864
2269	-0.795864
2270	-0.887568
2271	-0.887568
2272	1.0075
2273	1.0075
2274	-0.960451
2275	-0.960451
2276	0.639364
2277	0.639364
2278	-1.21773
2279	-1.21773
2280	-0.862628
2281	-0.862628
2282	1.09967
2283	1.09967
2284	-0.708509
2285	-0.708509
2286	-0.825582
2287	-0.825582
2288	1.16871
2289	1.16871
2290	-0.781919
2291	-0.781919
2292	0.861331
2293	0.861331
2294	-0.948148
2295	-0.948148
2296	-0.983356
2297	-0.983356
2298	0.151872
2299	0.151872
2300	-0.688588
2301	-0.688588
2302	1.04748
2303	1.04748
2304	-1.1033
2305	-1.1033
2306	-1.00874
2307	-1.00874
2308	-1.24036
2309	-1.24036
2310	-1.08914
2311	-1.08914
2312	1.07495
2313	1.07495
2314	-0.863232
2315	-0.863232
2316	0.92979
2317	0.92979
2318	0.983451
2319	0.983451
2320	0.785876
2321	0.785876
2322	-1.2607
2323	-1.2607
2324	-1.11636
2325	-1.11636
2326	-1.05189
2327	-1.05189
2328	0.803263
2329	0.803263
2330	0.843436
2331	0.843436
2332	0.703744
2333	0.703744
2334	-1.04494
2335	-1.04494
2336	1.00522
2337	1.00522
2338	-0.636292
2339	-0.636292
2340	-0.850538
2341	-0.850538
2342	1.09277
2343	1.09277
2344	-1.32783
2345	-1.32783
2346	1.05267
2347	1.05267
2348	-0.825042
2349	-0.825042
2350	-0.944801
2351	-0.944801
2352	1.18131
2353	1.18131
2354	-1.13137
2355	-1.13137
2356	-0.858729
2357	-0.858729
2358	-0.963351
2359	-0.963351
2360	1.12572
2361	1.12572
2362	-1.01632
2363	-1.01632
2364	-0.817992
2365	-0.817992
2366	-1.06612
2367	-1.06612
2368	0.256611
2369	0.256611
2370	-0.83364
2371	-0.83364
2372	-0.939836
2373	-0.939836
2374	-1.19566
2375	-1.19566
2376	0.87378
2377	0.87378
2378	-1.12703
2379	-1.12703
2380	-0.877198
2381	-0.877198
2382	-0.968034
2383	-0.968034
2384	0.934175
2385	0.934175
2386	0.648724
2387	0.648724
2388	-0.924535
2389	-0.924535
2390	-0.989375
2391	-0.989375
2392	1.03429
2393	1.03429
2394	0.865524
2395	0.865524
2396	1.22653
2397	1.22653
2398	0.97371
2399	0.97371
2400	-1.00385
2401	-1.00385
2402	-0.755732
2403	-0.755732
2404	-0.346671
2405	-0.346671
2406	-1.06037
2407	-1.06037
2408	-0.956252
2409	-0.956252
2410	-1.39241
2411	-1.39241
2412	1.23629
2413	1.23629
2414	-1.08105
2415	-1.08105
2416	-1.09591
2417	-1.09591
2418	0.700834
2419	0.700834
2420	-0.792092
2421	-0.792092
2422	0.845413
2423	0.845413
2424	-0.892944
2425	-0.892944
2426	-1.07519
2427	-1.07519
2428	-0.865672
2429	-0.865672
2430	-1.08543
2431	-1.08543
2432	-1.05555
2433	-1.05555
2434	-0.927871
2435	-0.927871
2436	-1.1607
2437	-1.1607
2438	-0.954675
2439	-0.954675
2440	-1.16725
2441	-1.16725
2442	0.940451
2443	0.940451
2444	0.524999
2445	0.524999
2446	-0.958193
2447	-0.958193
2448	-0.852954
2449	-0.852954
2450	-0.903301
2451	-0.903301
2452	-0.766223
2453	-0.766223
2454	-0.726686
2455	-0.726686
2456	0.675192
2457	0.675192
2458	1.21905
2459	1.21905
2460	-0.872031
2461	-0.872031
2462	-0.596031
2463	-0.596031
2464	1.0918
2465	1.0918
2466	1.1081
2467	1.1081
2468	1.12055
2469	1.12055
2470	-1.03171
2471	-1.03171
2472	1.00744
2473	1.00744
2474	0.967311
2475	0.967311
2476	1.23249
2477	1.23249
2478	1.05795
2479	1.05795
2480	-1.40819
2481	-1.40819
2482	0.954379
2483	0.954379
2484	0.992026
2485	0.992026
2486	0.893347
2487	0.893347
2488	0.871947
2489	0.871947
2490	1.17679
2491	1.17679
2492	0.877389
2493	0.877389
2494	0.900179
2495	0.900179
2496	0.791642
2497	0.791642
2498	-0.95036
2499	-0.95036
2500	-0.882485
2501	-0.882485
2502	0.890144
2503	0.890144
2504	-1.18864
2505	-1.18864
2506	-1.06436
2507	-1.06436
2508	-0.649386
2509	-0.649386
2510	1.15323
2511	1.15323
2512	0.894416
2513	0.894416
2514	-0.823362
2515	-0.823362
2516	-0.981713
2517	-0.981713
2518	-0.883218
2519	-0.883218
2520	1.22553
2521	1.22553
2522	0.926821
2523	0.926821
2524	0.883344
2525	0.883344
2526	-0.703073
2527	-0.703073
2528	0.85374
2529	0.85374
2530	1.32065
2531	1.32065
2532	0.846937
2533	0.846937
2534	-0.98218
2535	-0.98218
2536	1.15725
2537	1.15725
2538	1.17103
2539	1.17103
2540	-0.837914
2541	-0.837914
2542	1.3376
2543	1.3376
2544	0.956216
2545	0.956216
2546	0.81682
2547	0.81682
2548	0.952738
2549	0.952738
2550	-0.868537
2551	-0.868537
2552	1.00953
2553	1.00953
2554	1.09328
2555	1.09328
2556	0.728027
2557	0.728027
2558	1.19919
2559	1.19919
2560	-0.652402
2561	-0.652402
2562	0.421069
2563	0.421069
2564	1.04363
2565	1.04363
2566	1.01442
2567	1.01442
2568	1.22176
2569	1.22176
2570	-1.28111
2571	-1.28111
2572	-1.06063
2573	-1.06063
2574	-0.76073
2575	-0.76073
2576	-1.03002
2577	-1.03002
2578	-0.941253
2579	-0.941253
2580	0.51048
2581	0.51048
2582	1.02786
2583	1.02786
2584	0.750781
2585	0.750781
2586	1.01186
2587	1.01186
2588	-0.837337
2589	-0.837337
2590	-1.19623
2591	-1.19623
2592	1.25538
2593	1.25538
2594	0.860883
2595	0.860883
2596	1.06117
2597	1.06117
2598	0.995559
2599	0.995559
2600	0.767821
2601	0.767821
2602	-0.914961
2603	-0.914961
2604	-1.33588
2605	-1.33588
2606	1.14093
2607	1.14093
2608	1.21602
2609	1.21602
2610	-0.107843
2611	-0.107843
2612	-0.83746
2613	-0.83746
2614	-0.612216
2615	-0.612216
2616	0.826883
2617	0.826883
2618	0.859696
2619	0.859696
2620	0.992949
2621	0.992949
2622	-0.661888
2623	-0.661888
2624	0.747473
2625	0.747473
2626	-1.03901
2627	-1.03901
2628	-1.43708
2629	-1.43708
2630	1.00042
2631	1.00042
2632	0.930472
2633	0.930472
2634	0.983189
2635	0.983189
2636	-0.775144
2637	-0.775144
2638	-1.05604
2639	-1.05604
2640	-0.985287
2641	-0.985287
2642	1.12203
2643	1.12203
2644	-0.797691
2645	-0.797691
2646	0.694293
2647	0.694293
2648	0.967295
2649	0.967295
2650	-0.593069
2651	-0.593069
2652	-0.794142
2653	-0.794142
2654	-1.03183
2655	-1.03183
2656	-1.04797
2657	-1.04797
2658	1.18764
2659	1.18764
2660	-1.01204
2661	-1.01204
2662	-0.785374
2663	-0.785374
2664	-1.12086
2665	-1.12086
2666	1.00183
2667	1.00183
2668	0.950646
2669	0.950646
2670	-0.906859
2671	-0.906859
2672	-0.835519
2673	-0.835519
2674	-0.743736
2675	-0.743736
2676	0.857234
2677	0.857234
2678	1.18878
2679	1.18878
2680	-1.02815
2681	-1.02815
2682	1.02508
2683	1.02508
2684	0.723068
2685	0.723068
2686	1.1143
2687	1.1143
2688	-0.508023
2689	-0.508023
2690	1.31595
2691	1.31595
2692	1.21898
2693	1.21898
2694	1.11393
2695	1.11393
2696	0.959631
2697	0.959631
2698	-0.80843
2699	-0.80843
2700	-1.0435
2701	-1.0435
2702	-0.704444
2703	-0.704444
2704	0.935771
2705	0.935771
2706	1.03991
2707	1.03991
2708	-0.986648
2709	-0.986648
2710	-1.12216
2711	-1.12216
2712	1.00835
2713	1.00835
2714	-0.652544
2715	-0.652544
2716	0.989531
2717	0.989531
2718	-0.970381
2719	-0.970381
2720	-0.936714
2721	-0.936714
2722	-0.743841
2723	-0.743841
2724	-1.13644
2725	-1.13644
2726	0.972972
2727	0.972972
2728	0.91936
2729	0.91936
2730	-0.967023
2731	-0.967023
2732	0.633435
2733	0.633435
2734	-1.27589
2735	-1.27589
2736	-0.876433
2737	-0.876433
2738	-0.930681
2739	-0.930681
2740	0.710852
2741	0.710852
2742	1.02904
2743	1.02904
2744	-0.817927
2745	-0.817927
2746	-0.766378
2747	-0.766378
2748	1.04495
2749	1.04495
2750	0.411164
2751	0.411164
2752	-0.552745
2753	-0.552745
2754	-0.597637
2755	-0.597637
2756	0.198905
2757	0.198905
2758	-1.0346
2759	-1.0346
2760	1.01669
2761	1.01669
2762	0.730555
2763	0.730555
2764	-0.847702
2765	-0.847702
2766	1.19901
2767	1.19901
2768	-0.830472
2769	-0.830472
2770	-0.978392
2771	-0.978392
2772	0.959052
2773	0.959052
2774	-1.072
2775	-1.072
2776	0.868811
2777	0.868811
2778	-1.05996
2779	-1.05996
2780	0.86473
2781	0.86473
2782	0.62537
2783	0.62537
2784	1.19839
2785	1.19839
2786	-1.15922
2787	-1.15922
2788	-1.01684
2789	-1.01684
2790	0.938272
2791	0.938272
2792	0.979082
2793	0.979082
2794	1.52897
2795	1.52897
2796	-1.10185
2797	-1.10185
2798	1.03657
2799	1.03657
2800	1.14518
2801	1.14518
2802	-0.862461
2803	-0.862461
2804	-1.01071
2805	-1.01071
2806	-0.954767
2807	-0.954767
2808	0.802488
2809	0.802488
2810	1.14103
2811	1.14103
2812	-0.95841
2813	-0.95841
2814	1.08809
2815	1.08809
2816	-1.26275
2817	-1.26275
2818	1.33131
2819	1.33131
2820	0.889695
2821	0.889695
2822	-1.09587
2823	-1.09587
2824	1.21281
2825	1.21281
2826	-0.743013
2827	-0.743013
2828	1.12926
2829	1.12926
2830	0.83994
2831	0.83994
2832	-0.990216
2833	-0.990216
2834	0.916314
2835	0.916314
2836	1.08745
2837	1.08745
2838	0.939784
2839	0.939784
2840	0.717065
2841	0.717065
2842	-0.879266
2843	-0.879266
2844	1.155
2845	1.155
2846	0.582773
2847	0.582773
2848	0.718697
2849	0.718697
2850	1.06219
2851	1.06219
2852	0.806005
2853	0.806005
2854	1.08925
2855	1.08925
2856	1.05319
2857	1.05319
2858	0.829083
2859	0.829083
2860	0.720301
2861	0.720301
2862	0.675856
2863	0.675856
2864	-1.08572
2865	-1.08572
2866	1.24437
2867	1.24437
2868	0.622079
2869	0.622079
2870	-0.879876
2871	-0.879876
2872	-0.969395
2873	-0.969395
2874	-0.742543
2875	-0.742543
2876	1.03141
2877	1.03141
2878	-1.06814
2879	-1.06814
2880	-0.617385
2881	-0.617385
2882	0.630899
2883	0.630899
2884	-0.992917
2885	-0.992917
2886	-1.14187
2887	-1.14187
2888	-0.965963
2889	-0.965963
2890	-0.869009
2891	-0.869009
2892	-0.855417
2893	-0.855417
2894	-0.83789
2895	-0.83789
2896	1.02438
2897	1.02438
2898	-1.03078
2899	-1.03078
2900	0.943379
2901	0.943379
2902	-0.762147
2903	-0.762147
2904	-1.12136
2905	-1.12136
2906	0.629972
2907	0.629972
2908	-0.830565
2909	-0.830565
2910	0.956558
2911	0.956558
2912	0.921833
2913	0.921833
2914	1.04358
2915	1.04358
2916	1.08337
2917	1.08337
2918	-0.767263
2919	-0.767263
2920	-1.14153
2921	-1.14153
2922	0.849369
2923	0.849369
2924	1.02816
2925	1.02816
2926	-0.884309
2927	-0.884309
2928	0.597227
2929	0.597227
2930	-0.842107
2931	-0.842107
2932	0.860131
2933	0.860131
2934	1.04584
2935	1.04584
2936	-1.09211
2937	-1.09211
2938	-1.05755
2939	-1.05755
2940	0.90089
2941	0.90089
2942	1.18324
2943	1.18324
2944	1.03526
2945	1.03526
2946	-0.872533
2947	-0.872533
2948	-1.30359
2949	-1.30359
2950	0.961549
2951	0.961549
2952	-0.822215
2953	-0.822215
2954	0.85584
2955	0.85584
2956	-1.15771
2957	-1.15771
2958	-1.06519
2959	-1.06519
2960	-0.860173
2961	-0.860173
2962	-0.917243
2963	-0.917243
2964	0.988248
2965	0.988248
2966	0.580253
2967	0.580253
2968	-1.16823
2969	-1.16823
2970	0.79308
2971	0.79308
2972	-1.23194
2973	-1.23194
2974	-1.00439
2975	-1.00439
2976	-0.977142
2977	-0.977142
2978	1.07905
2979	1.07905
2980	0.832272
2981	0.832272
2982	-1.15662
2983	-1.15662
2984	-1.0774
2985	-1.0774
2986	-1.06831
2987	-1.06831
2988	1.23133
2989	1.23133
2990	-1.03072
2991	-1.03072
2992	-1.24193
2993	-1.24193
2994	-0.794139
2995	-0.794139
2996	-0.708248
2997	-0.708248
2998	-0.782065
2999	-0.782065
3000	-0.976395
3001	-0.976395
3002	-1.095
3003	-1.095
3004	-1.01314
3005	-1.01314
3006	-0.379032
3007	-0.379032
3008	-0.513482
3009	-0.513482
3010	-0.95895
3011	-0.95895
3012	0.827473
3013	0.827473
3014	-0.524493
3015	-0.524493
3016	1.06713
3017	1.06713
3018	-0.774308
3019	-0.774308
3020	-1.06168
3021	-1.06168
3022	0.7063
3023	0.7063
3024	0.691239
3025	0.691239
3026	1.12787
3027	1.12787
3028	0.72205
3029	0.72205
3030	0.904154
3031	0.904154
3032	-1.00477
3033	-1.00477
3034	1.07455
3035	1.07455
3036	-1.12479
3037	-1.12479
3038	0.844491
3039	0.844491
3040	1.01986
3041	1.01986
3042	1.13101
3043	1.13101
3044	0.854414
3045	0.854414
3046	-1.06197
3047	-1.06197
3048	1.06204
3049	1.06204
3050	-0.948199
3051	-0.948199
3052	0.974212
3053	0.974212
3054	1.03558
3055	1.03558
3056	-1.33549
3057	-1.33549
3058	1.27849
3059	1.27849
3060	-0.899475
3061	-0.899475
3062	-1.02888
3063	-1.02888
3064	-0.753903
3065	-0.753903
3066	-1.12385
3067	-1.12385
3068	1.01268
3069	1.01268
3070	0.990638
3071	0.990638
3072	-1.3687
3073	-1.3687
3074	-1.22568
3075	-1.22568
3076	0.854193
3077	0.854193
3078	0.713738
3079	0.713738
3080	0.978073
3081	0.978073
3082	0.954905
3083	0.954905
3084	-0.677805
3085	-0.677805
3086	0.727451
3087	0.727451
3088	0.992574
3089	0.992574
3090	-0.811934
3091	-0.811934
3092	0.994071
3093	0.994071
3094	0.712488
3095	0.712488
3096	-0.850098
3097	-0.850098
3098	1.23092
3099	1.23092
3100	0.888441
3101	0.888441
3102	-1.06212
3103	-1.06212
3104	0.993246
3105	0.993246
3106	-0.551848
3107	-0.551848
3108	-0.98542
3109	-0.98542
3110	-0.0588099
3111	-0.0588099
3112	-1.03271
3113	-1.03271
3114	-0.450239
3115	-0.450239
3116	-1.0906
3117	-1.0906
3118	-0.971014
3119	-0.971014
3120	-0.792511
3121	-0.792511
3122	-0.793349
3123	-0.793349
3124	0.880185
3125	0.880185
3126	-1.25751
3127	-1.25751
3128	0.788293
3129	0.788293
3130	0.574256
3131	0.574256
3132	-0.953224
3133	-0.953224
3134	0.926666
3135	0.926666
3136	0.798335
3137	0.798335
3138	-0.847868
3139	-0.847868
3140	0.842768
3141	0.842768
3142	0.618934
3143	0.618934
3144	1.03766
3145	1.03766
3146	1.13062
3147	1.13062
3148	1.24125
3149	1.24125
3150	-1.15109
3151	-1.15109
3152	0.884788
3153	0.884788
3154	-1.09818
3155	-1.09818
3156	1.18289
3157	1.18289
3158	0.995185
3159	0.995185
3160	-1.39941
3161	-1.39941
3162	0.720306
3163	0.720306
3164	-1.08108
3165	-1.08108
3166	1.14038
3167	1.14038
3168	1.05634
3169	1.05634
3170	0.290358
3171	0.290358
3172	1.06945
3173	1.06945
3174	0.926021
3175	0.926021
3176	-1.13532
3177	-1.13532
3178	-1.02934
3179	-1.02934
3180	0.869319
3181	0.869319
3182	-1.11082
3183	-1.11082
3184	1.10995
3185	1.10995
3186	-0.550461
3187	-0.550461
3188	-0.784714
3189	-0.784714
3190	0.817003
3191	0.817003
3192	0.710801
3193	0.710801
3194	1.25829
3195	1.25829
3196	-0.954171
3197	-0.954171
3198	0.0719918
3199	0.0719918
3200	1.01442
3201	1.01442
3202	-0.543597
3203	-0.543597
3204	1.15258
3205	1.15258
3206	-0.894999
3207	-0.894999
3208	1.17399
3209	1.17399
3210	0.888684
3211	0.888684
3212	-0.904419
3213	-0.904419
3214	0.906881
3215	0.906881
3216	-1.15653
3217	-1.15653
3218	0.959578
3219	0.959578
3220	1.15355
3221	1.15355
3222	1.11221
3223	1.11221
3224	1.1062
3225	1.1062
3226	-1.02641
3227	-1.02641
3228	1.02614
3229	1.02614
3230	-0.782724
3231	-0.782724
3232	1.02943
3233	1.02943
3234	1.0321
3235	1.0321
3236	0.817474
3237	0.817474
3238	0.914667
3239	0.914667
3240	-1.24891
3241	-1.24891
3242	-0.923529
3243	-0.923529
3244	1.23288
3245	1.23288
3246	-1.02299
3247	-1.02299
3248	-1.22618
3249	-1.22618
3250	-0.914156
3251	-0.914156
3252	-0.789598
3253	-0.789598
3254	0.457246
3255	0.457246
3256	-1.05242
3257	-1.05242
3258	1.09112
3259	1.09112
3260	1.10302
3261	1.10302
3262	-0.902671
3263	-0.902671
3264	-1.14673
3265	-1.14673
3266	-1.07862
3267	-1.07862
3268	1.034
3269	1.034
3270	-0.861546
3271	-0.861546
3272	0.926458
3273	0.926458
3274	-0.913499
3275	-0.913499
3276	-0.911838
3277	-0.911838
3278	-1.15872
3279	-1.15872
3280	-1.06527
3281	-1.06527
3282	1.0391
3283	1.0391
3284	0.842599
3285	0.842599
3286	1.14797
3287	1.14797
3288	-0.806019
3289	-0.806019
3290	-1.03756
3291	-1.03756
3292	1.06364
3293	1.06364
3294	1.1729
3295	1.1729
3296	1.26615
3297	1.26615
3298	-0.888546
3299	-0.888546
3300	-0.952484
3301	-0.952484
3302	0.887691
3303	0.887691
3304	1.18196
3305	1.18196
3306	0.953224
3307	0.953224
3308	-0.859759
3309	-0.859759
3310	1.04925
3311	1.04925
3312	-1.16836
3313	-1.16836
3314	-0.871506
3315	-0.871506
3316	1.11409
3317	1.11409
3318	-0.847243
3319	-0.847243
3320	-1.00391
3321	-1.00391
3322	1.05832
3323	1.05832
3324	-1.05707
3325	-1.05707
3326	0.776115
3327	0.776115
3328	-0.855889
3329	-0.855889
3330	-0.639757
3331	-0.639757
3332	-0.968908
3333	-0.968908
3334	-0.345332
3335	-0.345332
3336	1.07246
3337	1.07246
3338	1.05749
3339	1.05749
3340	0.966111
3341	0.966111
3342	-1.10045
3343	-1.10045
3344	-0.650776
3345	-0.650776
3346	0.83735
3347	0.83735
3348	-0.731787
3349	-0.731787
3350	0.976776
3351	0.976776
3352	-1.2234
3353	-1.2234
3354	-0.57713
3355	-0.57713
3356	-1.12715
3357	-1.12715
3358	0.436001
3359	0.436001
3360	0.947825
3361	0.947825
3362	-1.07351
3363	-1.07351
3364	-0.747724
3365	-0.747724
3366	-0.791965
3367	-0.791965
3368	0.764754
3369	0.764754
3370	1.22575
3371	1.22575
3372	-1.00522
3373	-1.00522
3374	1.17998
3375	1.17998
3376	1.27412
3377	1.27412
3378	1.13619
3379	1.13619
3380	-0.848985
3381	-0.848985
3382	-0.676179
3383	-0.676179
3384	-0.929293
3385	-0.929293
3386	0.923005
3387	0.923005
3388	1.0516
3389	1.0516
3390	1.06557
3391	1.06557
3392	-1.03827
3393	-1.03827
3394	-0.99937
3395	-0.99937
3396	0.47071
3397	0.47071
3398	-0.974793
3399	-0.974793
3400	1.16415
3401	1.16415
3402	-0.974726
3403	-0.974726
3404	1.21699
3405	1.21699
3406	0.666481
3407	0.666481
3408	-0.958385
3409	-0.958385
3410	-0.392009
3411	-0.392009
3412	-0.93955
3413	-0.93955
3414	-0.763367
3415	-0.763367
3416	-0.626343
3417	-0.626343
3418	-1.00079
3419	-1.00079
3420	-0.973408
3421	-0.973408
3422	-1.11706
3423	-1.11706
3424	0.761496
3425	0.761496
3426	-0.863931
3427	-0.863931
3428	-0.965214
3429	-0.965214
3430	-1.13907
3431	-1.13907
3432	1.08878
3433	1.08878
3434	0.893849
3435	0.893849
3436	-0.686888
3437	-0.686888
3438	-1.00155
3439	-1.00155
3440	0.910651
3441	0.910651
3442	-0.838514
3443	-0.838514
3444	0.648235
3445	0.648235
3446	0.713489
3447	0.713489
3448	-0.955194
3449	-0.955194
3450	1.22091
3451	1.22091
3452	-0.897537
3453	-0.897537
3454	1.06779
3455	1.06779
3456	1.05678
3457	1.05678
3458	-0.768775
3459	-0.768775
3460	1.12619
3461	1.12619
3462	0.867247
3463	0.867247
3464	0.933442
3465	0.933442
3466	-1.27285
3467	-1.27285
3468	-0.903368
3469	-0.903368
3470	0.663059
3471	0.663059
3472	-0.475379
3473	-0.475379
3474	-1.0797
3475	-1.0797
3476	-1.25699
3477	-1.25699
3478	-1.03827
3479	-1.03827
3480	0.290617
3481	0.290617
3482	-1.20545
3483	-1.20545
3484	-1.17636
3485	-1.17636
3486	-1.13524
3487	-1.13524
3488	0.430367
3489	0.430367
3490	1.07715
3491	1.07715
3492	-0.986095
3493	-0.986095
3494	-0.821205
3495	-0.821205
3496	-1.18166
3497	-1.18166
3498	1.12419
3499	1.12419
3500	-0.866076
3501	-0.866076
3502	-0.715004
3503	-0.715004
3504	-0.972069
3505	-0.972069
3506	-1.13053
3507	-1.13053
3508	1.12265
3509	1.12265
3510	-0.665078
3511	-0.665078
3512	-0.955679
3513	-0.955679
3514	-0.889613
3515	-0.889613
3516	-1.0684
3517	-1.0684
3518	1.10642
3519	1.10642
3520	1.04107
3521	1.04107
3522	0.917096
3523	0.917096
3524	0.928295
3525	0.928295
3526	0.866599
3527	0.866599
3528	1.16089
3529	1.16089
3530	-0.759607
3531	-0.759607
3532	-0.498615
3533	-0.498615
3534	-0.994558
3535	-0.994558
3536	1.10172
3537	1.10172
3538	1.28937
3539	1.28937
3540	0.714835
3541	0.714835
3542	-1.08323
3543	-1.08323
3544	-0.969745
3545	-0.969745
3546	-0.858499
3547	-0.858499
3548	1.21572
3549	1.21572
3550	0.964482
3551	0.964482
3552	-0.423956
3553	-0.423956
3554	-0.67971
3555	-0.67971
3556	0.666212
3557	0.666212
3558	-1.113
3559	-1.113
3560	0.923324
3561	0.923324
3562	-1.0453
3563	-1.0453
3564	-0.837185
3565	-0.837185
3566	0.773812
3567	0.773812
3568	-1.2375
3569	-1.2375
3570	1.00673
3571	1.00673
3572	-0.937153
3573	-0.937153
3574	-0.712115
3575	-0.712115
3576	-0.928616
3577	-0.928616
3578	-1.15747
3579	-1.15747
3580	-1.07778
3581	-1.07778
3582	0.429581
3583	0.429581
3584	-0.569637
3585	-0.569637
3586	-1.06049
3587	-1.06049
3588	-0.828994
3589	-0.828994
3590	-1.14517
3591	-1.14517
3592	-0.969112
3593	-0.969112
3594	0.388559
3595	0.388559
3596	-1.04266
3597	-1.04266
3598	-1.00265
3599	-1.00265
3600	-0.681935
3601	-0.681935
3602	-0.685406
3603	-0.685406
3604	1.35388
3605	1.35388
3606	1.12182
3607	1.12182
3608	-0.950588
3609	-0.950588
3610	-1.18389
3611	-1.18389
3612	-0.832077
3613	-0.832077
3614	-0.666991
3615	-0.666991
3616	1.03919
3617	1.03919
3618	-1.01917
3619	-1.01917
3620	-0.816923
3621	-0.816923
3622	-0.773249
3623	-0.773249
3624	1.24702
3625	1.24702
3626	1.11649
3627	1.11649
3628	-1.1566
3629	-1.1566
3630	0.720579
3631	0.720579
3632	1.12372
3633	1.12372
3634	1.06587
3635	1.06587
3636	-0.876693
3637	-0.876693
3638	-1.02812
3639	-1.02812
3640	1.02981
3641	1.02981
3642	-1.19278
3643	-1.19278
3644	0.972034
3645	0.972034
3646	-0.835643
3647	-0.835643
3648	-1.00481
3649	-1.00481
3650	-1.0833
3651	-1.0833
3652	-1.05571
3653	-1.05571
3654	0.782714
3655	0.782714
3656	-0.588218
3657	-0.588218
3658	-0.992885
3659	-0.992885
3660	-0.944308
3661	-0.944308
3662	-0.590984
3663	-0.590984
3664	1.10177
3665	1.10177
3666	-1.08236
3667	-1.08236
3668	-1.03687
3669	-1.03687
3670	0.96223
3671	0.96223
3672	-1.27874
3673	-1.27874
3674	1.11267
3675	1.11267
3676	-1.01169
3677	-1.01169
3678	-0.992219
3679	-0.992219
3680	-0.9555
3681	-0.9555
3682	-1.01957
3683	-1.01957
3684	0.905276
3685	0.905276
3686	-1.10341
3687	-1.10341
3688	0.454771
3689	0.454771
3690	-0.769324
3691	-0.769324
3692	0.622253
3693	0.622253
3694	0.989479
3695	0.989479
3696	0.478613
3697	0.478613
3698	-0.0297408
3699	-0.0297408
3700	-1.29042
3701	-1.29042
3702	-1.23521
3703	-1.23521
3704	1.05772
3705	1.05772
3706	-1.0231
3707	-1.0231
3708	-0.941182
3709	-0.941182
3710	0.885984
3711	0.885984
3712	1.25243
3713	1.25243
3714	1.1783
3715	1.1783
3716	-1.05417
3717	-1.05417
3718	-0.936274
3719	-0.936274
3720	-0.596254
3721	-0.596254
3722	0.361042
3723	0.361042
3724	1.15125
3725	1.15125
3726	-0.89718
3727	-0.89718
3728	-0.900255
3729	-0.900255
3730	1.03226
3731	1.03226
3732	0.679025
3733	0.679025
3734	0.773722
3735	0.773722
3736	0.494964
3737	0.494964
3738	-1.00264
3739	-1.00264
3740	1.03414
3741	1.03414
3742	1.06328
3743	1.06328
3744	1.05541
3745	1.05541
3746	-1.0215
3747	-1.0215
3748	-1.06011
3749	-1.06011
3750	1.17928
3751	1.17928
3752	-1.14383
3753	-1.14383
3754	0.988584
3755	0.988584
3756	-0.359986
3757	-0.359986
3758	1.025
3759	1.025
3760	0.845188
3761	0.845188
3762	-1.29753
3763	-1.29753
3764	1.07717
3765	1.07717
3766	-0.954942
3767	-0.954942
3768	-0.857608
3769	-0.857608
3770	-0.773199
3771	-0.773199
3772	0.588753
3773	0.588753
3774	0.897396
3775	0.897396
3776	-1.00011
3777	-1.00011
3778	0.979844
3779	0.979844
3780	-0.996809
3781	-0.996809
3782	-1.11054
3783	-1.11054
3784	1.32541
3785	1.32541
3786	1.06476
3787	1.06476
3788	0.535538
3789	0.535538
3790	-1.08689
3791	-1.08689
3792	-0.747079
3793	-0.747079
3794	1.00987
3795	1.00987
3796	0.808737
3797	0.808737
3798	0.565398
3799	0.565398
3800	1.05837
3801	1.05837
3802	-0.75555
3803	-0.75555
3804	-0.787758
3805	-0.787758
3806	0.771093
3807	0.771093
3808	0.838522
3809	0.838522
3810	-0.961402
3811	-0.961402
3812	-0.552729
3813	-0.552729
3814	-0.953797
3815	-0.953797
3816	0.946931
3817	0.946931
3818	0.816828
3819	0.816828
3820	-0.671771
3821	-0.671771
3822	-0.732129
3823	-0.732129
3824	-1.04037
3825	-1.04037
3826	-1.029
3827	-1.029
3828	0.879067
3829	0.879067
3830	-0.663828
3831	-0.663828
3832	1.0435
3833	1.0435
3834	-0.96642
3835	-0.96642
3836	-0.988759
3837	-0.988759
3838	1.17043
3839	1.17043
3840	0.809662
3841	0.809662
3842	-0.943478
3843	-0.943478
3844	-1.09381
3845	-1.09381
3846	-1.00221
3847	-1.00221
3848	0.795843
3849	0.795843
3850	-1.12563
3851	-1.12563
3852	-0.857185
3853	-0.857185
3854	-1.16542
3855	-1.16542
3856	1.17462
3857	1.17462
3858	0.789878
3859	0.789878
3860	0.917806
3861	0.917806
3862	-0.696538
3863	-0.696538
3864	-0.559352
3865	-0.559352
3866	0.821713
3867	0.821713
3868	-1.27917
3869	-1.27917
3870	-0.836799
3871	-0.836799
3872	-1.10117
3873	-1.10117
3874	0.877493
3875	0.877493
3876	1.08493
3877	1.08493
3878	-1.07221
3879	-1.07221
3880	0.98707
3881	0.98707
3882	0.778107
3883	0.778107
3884	1.0073
3885	1.0073
3886	1.07638
3887	1.07638
3888	0.817022
3889	0.817022
3890	-1.11516
3891	-1.11516
3892	1.0069
3893	1.0069
3894	0.760536
3895	0.760536
3896	-0.742855
3897	-0.742855
3898	1.05599
3899	1.05599
3900	-1.01046
3901	-1.01046
3902	0.946832
3903	0.946832
3904	1.15121
3905	1.15121
3906	-1.2076
3907	-1.2076
3908	0.998812
3909	0.998812
3910	1.0217
3911	1.0217
3912	1.06929
3913	1.06929
3914	-0.953941
3915	-0.953941
3916	0.802566
3917	0.802566
3918	0.742505
3919	0.742505
3920	1.22532
3921	1.22532
3922	0.592468
3923	0.592468
3924	-1.34931
3925	-1.34931
3926	0.897467
3927	0.897467
3928	-0.998521
3929	-0.998521
3930	-0.669721
3931	-0.669721
3932	0.732486
3933	0.732486
3934	1.08408
3935	1.08408
3936	0.859424
3937	0.859424
3938	0.860755
3939	0.860755
3940	-0.883618
3941	-0.883618
3942	-0.695486
3943	-0.695486
3944	1.08561
3945	1.08561
3946	0.948935
3947	0.948935
3948	1.07029
3949	1.07029
3950	1.09092
3951	1.09092
3952	0.645678
3953	0.645678
3954	-0.856294
3955	-0.856294
3956	0.809246
3957	0.809246
3958	-0.886643
3959	-0.886643
3960	1.00477
3961	1.00477
3962	1.19505
3963	1.19505
3964	-0.870427
3965	-0.870427
3966	1.12637
3967	1.12637
3968	-0.903027
3969	-0.903027
3970	1.08825
3971	1.08825
3972	1.15964
3973	1.15964
3974	0.856064
3975	0.856064
3976	0.933719
3977	0.933719
3978	-0.988377
3979	-0.988377
3980	0.773702
3981	0.773702
3982	-0.775854
3983	-0.775854
3984	0.938649
3985	0.938649
3986	-0.469411
3987	-0.469411
3988	1.0214
3989	1.0214
3990	1.06178
3991	1.06178
3992	1.22473
3993	1.22473
3994	0.25958
3995	0.25958
3996	-1.33759
3997	-1.33759
3998	-0.953178
3999	-0.953178
4000	1.04274
4001	1.04274
4002	-1.14235
4003	-1.14235
4004	1.00627
4005	1.00627
4006	-0.996393
4007	-0.996393
4008	-0.825084
4009	-0.825084
4010	1.15173
4011	1.15173
4012	-1.38149
4013	-1.38149
4014	0.951163
4015	0.951163
4016	0.871791
4017	0.871791
4018	1.17598
4019	1.17598
4020	0.759459
4021	0.759459
4022	-1.18403
4023	-1.18403
4024	0.886661
4025	0.886661
4026	0.45324
4027	0.45324
4028	0.936168
4029	0.936168
4030	1.11975
4031	1.11975
4032	-1.00581
4033	-1.00581
4034	0.620506
4035	0.620506
4036	0.335849
4037	0.335849
4038	0.878188
4039	0.878188
4040	0.950116
4041	0.950116
4042	0.592785
4043	0.592785
4044	-0.714904
4045	-0.714904
4046	-1.18782
4047	-1.18782
4048	0.832373
4049	0.832373
4050	0.76156
4051	0.76156
4052	0.916768
4053	0.916768
4054	1.14128
4055	1.14128
4056	-0.740041
4057	-0.740041
4058	-0.718497
4059	-0.718497
4060	-1.16297
4061	-1.16297
4062	0.730841
4063	0.730841
4064	1.06111
4065	1.06111
4066	-1.10147
4067	-1.10147
4068	-0.893967
4069	-0.893967
4070	-0.629071
4071	-0.629071
4072	-0.612325
4073	-0.612325
4074	-0.949871
4075	-0.949871
4076	1.05793
4077	1.05793
4078	-1.1052
4079	-1.1052
4080	0.988754
4081	0.988754
4082	1.03786
4083	1.03786
4084	-1.14338
4085	-1.14338
4086	0.870867
4087	0.870867
4088	-1.22482
4089	-1.22482
4090	1.07199
4091	1.07199
4092	0.915781
4093	0.915781
4094	0.939679
4095	0.939679
4096	0.93935
4097	0.93935
4098	-0.738115
4099	-0.738115
4100	0.932558
4101	0.932558
4102	1.17339
4103	1.17339
4104	1.15072
4105	1.15072
4106	1.03976
4107	1.03976
4108	-1.0487
4109	-1.0487
4110	0.774044
4111	0.774044
4112	0.999863
4113	0.999863
4114	0.998071
4115	0.998071
4116	-1.11528
4117	-1.11528
4118	-0.917195
4119	-0.917195
4120	-0.872898
4121	-0.872898
4122	-0.448182
4123	-0.448182
4124	0.813911
4125	0.813911
4126	-0.541274
4127	-0.541274
4128	0.529893
4129	0.529893
4130	-0.751427
4131	-0.751427
4132	-0.607752
4133	-0.607752
4134	0.715729
4135	0.715729
4136	-0.743553
4137	-0.743553
4138	-1.12518
4139	-1.12518
4140	-0.807683
4141	-0.807683
4142	-0.843317
4143	-0.843317
4144	-0.908259
4145	-0.908259
4146	0.775507
4147	0.775507
4148	-0.901204
4149	-0.901204
4150	0.92671
4151	0.92671
4152	1.14449
4153	1.14449
4154	1.205
4155	1.205
4156	-0.864854
4157	-0.864854
4158	-0.81473
4159	-0.81473
4160	1.01312
4161	1.01312
4162	-1.06743
4163	-1.06743
4164	0.604691
4165	0.604691
4166	-0.798978
4167	-0.798978
4168	-1.28535
4169	-1.28535
4170	1.15316
4171	1.15316
4172	-1.05794
4173	-1.05794
4174	1.18773
4175	1.18773
4176	-0.974382
4177	-0.974382
4178	-0.945668
4179	-0.945668
4180	1.24577
4181	1.24577
4182	-0.924042
4183	-0.924042
4184	0.752396
4185	0.752396
4186	1.01178
4187	1.01178
4188	-0.77631
4189	-0.77631
4190	1.24492
4191	1.24492
4192	-0.463438
4193	-0.463438
4194	-0.606562
4195	-0.606562
4196	0.973473
4197	0.973473
4198	0.873948
4199	0.873948
4200	0.441196
4201	0.441196
4202	-0.42567
4203	-0.42567
4204	0.650901
4205	0.650901
4206	1.03979
4207	1.03979
4208	-1.3598
4209	-1.3598
4210	-0.730218
4211	-0.730218
4212	1.26622
4213	1.26622
4214	0.816946
4215	0.816946
4216	1.16247
4217	1.16247
4218	-0.922239
4219	-0.922239
4220	-0.696017
4221	-0.696017
4222	1.07283
4223	1.07283
4224	0.666973
4225	0.666973
4226	1.13007
4227	1.13007
4228	-1.02651
4229	-1.02651
4230	1.04974
4231	1.04974
4232	-0.827766
4233	-0.827766
4234	-0.750289
4235	-0.750289
4236	1.13982
4237	1.13982
4238	-1.08326
4239	-1.08326
4240	1.10167
4241	1.10167
4242	-0.924403
4243	-0.924403
4244	-1.03402
4245	-1.03402
4246	-0.975092
4247	-0.975092
4248	-1.27777
4249	-1.27777
4250	1.01705
4251	1.01705
4252	0.645243
4253	0.645243
4254	0.895407
4255	0.895407
4256	-0.62283
4257	-0.62283
4258	1.24434
4259	1.24434
4260	0.956839
4261	0.956839
4262	0.849931
4263	0.849931
4264	1.24482
4265	1.24482
4266	-1.45091
4267	-1.45091
4268	-0.791269
4269	-0.791269
4270	-0.936782
4271	-0.936782
4272	0.846211
4273	0.846211
4274	1.16358
4275	1.16358
4276	-0.966864
4277	-0.966864
4278	-1.08234
4279	-1.08234
4280	-0.819908
4281	-0.819908
4282	-1.0728
4283	-1.0728
4284	1.11235
4285	1.11235
4286	-0.935944
4287	-0.935944
4288	1.26166
4289	1.26166
4290	-0.730751
4291	-0.730751
4292	-0.920196
4293	-0.920196
4294	-0.992324
4295	-0.992324
4296	-1.09609
4297	-1.09609
4298	0.880971
4299	0.880971
4300	-0.734302
4301	-0.734302
4302	-0.771242
4303	-0.771242
4304	-0.820069
4305	-0.820069
4306	0.916825
4307	0.916825
4308	1.03019
4309	1.03019
4310	0.794906
4311	0.794906
4312	0.891801
4313	0.891801
4314	-1.24242
4315	-1.24242
4316	-1.09168
4317	-1.09168
4318	0.950494
4319	0.950494
4320	0.941692
4321	0.941692
4322	0.932981
4323	0.932981
4324	-0.928916
4325	-0.928916
4326	-1.29313
4327	-1.29313
4328	0.600678
4329	0.600678
4330	-0.944036
4331	-0.944036
4332	-0.813686
4333	-0.813686
4334	-0.841039
4335	-0.841039
4336	-1.12067
4337	-1.12067
4338	0.932528
4339	0.932528
4340	1.14208
4341	1.14208
4342	-1.0758
4343	-1.0758
4344	-0.820995
4345	-0.820995
4346	-0.80613
4347	-0.80613
4348	1.01563
4349	1.01563
4350	-0.530618
4351	-0.530618
4352	-0.916228
4353	-0.916228
4354	-0.67066
4355	-0.67066
4356	-1.12318
4357	-1.12318
4358	-0.970524
4359	-0.970524
4360	-0.353004
4361	-0.353004
4362	0.782584
4363	0.782584
4364	-0.650758
4365	-0.650758
4366	-0.831488
4367	-0.831488
4368	-1.08843
4369	-1.08843
4370	-1.0653
4371	-1.0653
4372	1.09967
4373	1.09967
4374	-0.284418
4375	-0.284418
4376	-1.14599
4377	-1.14599
4378	1.1146
4379	1.1146
4380	-0.76345
4381	-0.76345
4382	1.18748
4383	1.18748
4384	1.08627
4385	1.08627
4386	-1.24908
4387	-1.24908
4388	-0.986351
4389	-0.986351
4390	-0.949724
4391	-0.949724
4392	1.20056
4393	1.20056
4394	1.00858
4395	1.00858
4396	-0.735202
4397	-0.735202
4398	-0.963609
4399	-0.963609
4400	0.908568
4401	0.908568
4402	-1.28753
4403	-1.28753
4404	0.986764
4405	0.986764
4406	-1.16783
4407	-1.16783
4408	-0.801851
4409	-0.801851
4410	0.937477
4411	0.937477
4412	0.992495
4413	0.992495
4414	1.00485
4415	1.00485
4416	-0.810775
4417	-0.810775
4418	-1.0492
4419	-1.0492
4420	-1.20253
4421	-1.20253
4422	0.497102
4423	0.497102
4424	0.765435
4425	0.765435
4426	-0.935028
4427	-0.935028
4428	-0.965258
4429	-0.965258
4430	0.561272
4431	0.561272
4432	-0.0866448
4433	-0.0866448
4434	1.08006
4435	1.08006
4436	-0.883555
4437	-0.883555
4438	-1.25809
4439	-1.25809
4440	0.983611
4441	0.983611
4442	0.898917
4443	0.898917
4444	0.911665
4445	0.911665
4446	1.09558
4447	1.09558
4448	1.21936
4449	1.21936
4450	-0.965098
4451	-0.965098
4452	0.572681
4453	0.572681
4454	-1.04062
4455	-1.04062
4456	0.908451
4457	0.908451
4458	1.15605
4459	1.15605
4460	-0.749843
4461	-0.749843
4462	0.679041
4463	0.679041
4464	-1.21662
4465	-1.21662
4466	1.008
4467	1.008
4468	1.24524
4469	1.24524
4470	-0.667786
4471	-0.667786
4472	-1.03797
4473	-1.03797
4474	-0.729608
4475	-0.729608
4476	0.996423
4477	0.996423
4478	0.935238
4479	0.935238
4480	0.983588
4481	0.983588
4482	1.1768
4483	1.1768
4484	-1.03282
4485	-1.03282
4486	0.811673
4487	0.811673
4488	1.04211
4489	1.04211
4490	1.12059
4491	1.12059
4492	0.753896
4493	0.753896
4494	-0.919642
4495	-0.919642
4496	-1.00317
4497	-1.00317
4498	1.14118
4499	1.14118
4500	0.884574
4501	0.884574
4502	1.05027
4503	1.05027
4504	-0.887553
4505	-0.887553
4506	-0.666974
4507	-0.666974
4508	0.95044
4509	0.95044
4510	-1.06719
4511	-1.06719
4512	1.06402
4513	1.06402
4514	-1.3618
4515	-1.3618
4516	-0.560078
4517	-0.560078
4518	-0.891214
4519	-0.891214
4520	-0.774021
4521	-0.774021
4522	0.771375
4523	0.771375
4524	-1.20552
4525	-1.20552
4526	1.16948
4527	1.16948
4528	-1.08882
4529	-1.08882
4530	0.949899
4531	0.949899
4532	1.09414
4533	1.09414
4534	-0.955983
4535	-0.955983
4536	1.18074
4537	1.18074
4538	-0.94525
4539	-0.94525
4540	0.982626
4541	0.982626
4542	0.904294
4543	0.904294
4544	-0.872807
4545	-0.872807
4546	0.450078
4547	0.450078
4548	-0.929275
4549	-0.929275
4550	0.764016
4551	0.764016
4552	0.954275
4553	0.954275
4554	1.20811
4555	1.20811
4556	1.20277
4557	1.20277
4558	-1.23118
4559	-1.23118
4560	0.994716
4561	0.994716
4562	0.972179
4563	0.972179
4564	1.02712
4565	1.02712
4566	0.919297
4567	0.919297
4568	-1.16434
4569	-1.16434
4570	-1.04595
4571	-1.04595
4572	0.691344
4573	0.691344
4574	0.827905
4575	0.827905
4576	1.08844
4577	1.08844
4578	0.899139
4579	0.899139
4580	-1.15436
4581	-1.15436
4582	0.782296
4583	0.782296
4584	-1.32762
4585	-1.32762
4586	1.21515
4587	1.21515
4588	1.09702
4589	1.09702
4590	-0.890049
4591	-0.890049
4592	1.05106
4593	1.05106
4594	1.07808
4595	1.07808
4596	-0.993309
4597	-0.993309
4598	1.26602
4599	1.26602
4600	0.735373
4601	0.735373
4602	0.807574
4603	0.807574
4604	0.741575
4605	0.741575
4606	-0.839358
4607	-0.839358
4608	1.0621
4609	1.0621
4610	1.01594
4611	1.01594
4612	0.737728
4613	0.737728
4614	0.616137
4615	0.616137
4616	-0.667483
4617	-0.667483
4618	0.80881
4619	0.80881
4620	0.830512
4621	0.830512
4622	-0.938631
4623	-0.938631
4624	1.03264
4625	1.03264
4626	-0.804818
4627	-0.804818
4628	1.20133
4629	1.20133
4630	0.849897
4631	0.849897
4632	1.0171
4633	1.0171
4634	-1.02893
4635	-1.02893
4636	-1.26111
4637	-1.26111
4638	0.806606
4639	0.806606
4640	0.761745
4641	0.761745
4642	1.07072
4643	1.07072
4644	-0.939763
4645	-0.939763
4646	1.03912
4647	1.03912
4648	0.840607
4649	0.840607
4650	1.32415
4651	1.32415
4652	-0.826784
4653	-0.826784
4654	-1.1609
4655	-1.1609
4656	0.430166
4657	0.430166
4658	0.931366
4659	0.931366
4660	0.994669
4661	0.994669
4662	-0.889942
4663	-0.889942
4664	-1.0732
4665	-1.0732
4666	0.93853
4667	0.93853
4668	-0.600776
4669	-0.600776
4670	1.04418
4671	1.04418
4672	-0.870255
4673	-0.870255
4674	-1.09706
4675	-1.09706
4676	0.892772
4677	0.892772
4678	0.856665
4679	0.856665
4680	1.06668
4681	1.06668
4682	-0.886133
4683	-0.886133
4684	-1.16425
4685	-1.16425
4686	1.1811
4687	1.1811
4688	0.909595
4689	0.909595
4690	0.758911
4691	0.758911
4692	-1.00216
4693	-1.00216
4694	1.02938
4695	1.02938
4696	1.2781
4697	1.2781
4698	-1.50099
4699	-1.50099
4700	-0.883008
4701	-0.883008
4702	1.01629
4703	1.01629
4704	0.826354
4705	0.826354
4706	1.16501
4707	1.16501
4708	0.777066
4709	0.777066
4710	-0.937414
4711	-0.937414
4712	1.11217
4713	1.11217
4714	1.06445
4715	1.06445
4716	1.01062
4717	1.01062
4718	0.843138
4719	0.843138
4720	-1.12474
4721	-1.12474
4722	1.03239
4723	1.03239
4724	-1.01588
4725	-1.01588
4726	0.787951
4727	0.787951
4728	0.974141
4729	0.974141
4730	-1.0937
4731	-1.0937
4732	1.04626
4733	1.04626
4734	-1.03966
4735	-1.03966
4736	1.21633
4737	1.21633
4738	1.10326
4739	1.10326
4740	-0.968803
4741	-0.968803
4742	1.34689
4743	1.34689
4744	-0.848365
4745	-0.848365
4746	-0.953506
4747	-0.953506
4748	1.09828
4749	1.09828
4750	-1.11733
4751	-1.11733
4752	0.873177
4753	0.873177
4754	-0.915515
4755	-0.915515
4756	0.871856
4757	0.871856
4758	1.16377
4759	1.16377
4760	-1.18379
4761	-1.18379
4762	-0.817257
4763	-0.817257
4764	-0.951401
4765	-0.951401
4766	1.03893
4767	1.03893
4768	-1.30813
4769	-1.30813
4770	1.2358
4771	1.2358
4772	0.998686
4773	0.998686
4774	-0.828837
4775	-0.828837
4776	0.919231
4777	0.919231
4778	-1.09081
4779	-1.09081
4780	-1.11498
4781	-1.11498
4782	0.809062
4783	0.809062
4784	-0.923229
4785	-0.923229
4786	0.172972
4787	0.172972
4788	-1.27604
4789	-1.27604
4790	-0.807209
4791	-0.807209
4792	-1.01494
4793	-1.01494
4794	-0.759599
4795	-0.759599
4796	1.13748
4797	1.13748
4798	-0.804764
4799	-0.804764
4800	-0.908631
4801	-0.908631
4802	-1.17541
4803	-1.17541
4804	-1.20486
4805	-1.20486
4806	-0.796784
4807	-0.796784
4808	-1.1118
4809	-1.1118
4810	-1.036
4811	-1.036
4812	-0.966047
4813	-0.966047
4814	-1.242
4815	-1.242
4816	-0.634371
4817	-0.634371
4818	0.645732
4819	0.645732
4820	-0.744426
4821	-0.744426
4822	-0.990742
4823	-0.990742
4824	-1.2022
4825	-1.2022
4826	-0.853606
4827	-0.853606
4828	-1.03206
4829	-1.03206
4830	-1.1501
4831	-1.1501
4832	-1.15243
4833	-1.15243
4834	-0.976392
4835	-0.976392
4836	-0.918182
4837	-0.918182
4838	-1.1099
4839	-1.1099
4840	-1.08673
4841	-1.08673
4842	-1.07655
4843	-1.07655
4844	-1.01071
4845	-1.01071
4846	0.589836
4847	0.589836
4848	1.00277
4849	1.00277
4850	-0.891117
4851	-0.891117
4852	-0.89238
4853	-0.89238
4854	-1.10375
4855	-1.10375
4856	-1.11395
4857	-1.11395
4858	-0.816182
4859	-0.816182
4860	-0.702127
4861	-0.702127
4862	-0.549694
4863	-0.549694
4864	-1.0186
4865	-1.0186
4866	-0.982872
4867	-0.982872
4868	1.09004
4869	1.09004
4870	-1.19985
4871	-1.19985
4872	-0.952755
4873	-0.952755
4874	1.26136
4875	1.26136
4876	-1.17646
4877	-1.17646
4878	1.04944
4879	1.04944
4880	-0.95335
4881	-0.95335
4882	-1.12157
4883	-1.12157
4884	0.999002
4885	0.999002
4886	-0.983847
4887	-0.983847
4888	0.66541
4889	0.66541
4890	-0.681937
4891	-0.681937
4892	1.09198
4893	1.09198
4894	0.824791
4895	0.824791
4896	-0.998122
4897	-0.998122
4898	-0.836429
4899	-0.836429
4900	-0.908302
4901	-0.908302
4902	1.1841
4903	1.1841
4904	1.0067
4905	1.0067
4906	-1.15404
4907	-1.15404
4908	0.933047
4909	0.933047
4910	-1.13124
4911	-1.13124
4912	-0.584345
4913	-0.584345
4914	1.09792
4915	1.09792
4916	-0.490768
4917	-0.490768
4918	0.892425
4919	0.892425
4920	0.7345
4921	0.7345
4922	1.1314
4923	1.1314
4924	1.019
4925	1.019
4926	-0.247259
4927	-0.247259
4928	0.899986
4929	0.899986
4930	0.966583
4931	0.966583
4932	0.937289
4933	0.937289
4934	-0.616354
4935	-0.616354
4936	0.971107
4937	0.971107
4938	1.06428
4939	1.06428
4940	0.903596
4941	0.903596
4942	-1.15579
4943	-1.15579
4944	-0.66999
4945	-0.66999
4946	0.783409
4947	0.783409
4948	0.916321
4949	0.916321
4950	1.14648
4951	1.14648
4952	-1.14328
4953	-1.14328
4954	-1.08986
4955	-1.08986
4956	1.03756
4957	1.03756
4958	-1.1645
4959	-1.1645
4960	1.21318
4961	1.21318
4962	1.00291
4963	1.00291
4964	-0.798489
4965	-0.798489
4966	0.971899
4967	0.971899
4968	-1.2375
4969	-1.2375
4970	1.10312
4971	1.10312
4972	0.803006
4973	0.803006
4974	-0.903919
4975	-0.903919
4976	0.971255
4977	0.971255
4978	-0.618454
4979	-0.618454
4980	-0.527145
4981	-0.527145
4982	0.811188
4983	0.811188
4984	-0.808668
4985	-0.808668
4986	1.12061
4987	1.12061
4988	1.13602
4989	1.13602
4990	1.13358
4991	1.13358
4992	0.981901
4993	0.981901
4994	-0.617261
4995	-0.617261
4996	1.17276
4997	1.17276
4998	1.20643
4999	1.20643
5000	0.843277
