0
0.661728
0.661728
0.661728
0.661728
0.6
0.6
-0.93725
-0.93725
0.928222
0.928222
0.898869
0.898869
0.952936
0.952936
-0.93725
-0.93725
-0.93725
-0.93725
-0.93725
-0.93725
-0.93725
-0.93725
-1.01001
-1.01001
0.927024
0.927024
1.10092
1.10092
1.10092
1.10092
0.94874
0.94874
0.928222
0.928222
0.927024
0.927024
1.02977
1.02977
0.928222
0.928222
-0.93725
-0.93725
-0.981883
-0.981883
-0.981883
-0.981883
-1.09961
-1.09961
0.927024
0.927024
0.927024
0.927024
-0.93218
-0.93218
0.912268
0.912268
0.917986
0.917986
0.912268
0.912268
0.877859
0.877859
0.917986
0.917986
0.877859
0.877859
0.912268
0.912268
0.912268
0.912268
0.912268
0.912268
0.912268
0.912268
0.912268
0.912268
-1.03497
-1.03497
1.00649
1.00649
1.00649
1.00649
1.00649
1.00649
-1.02533
-1.02533
-0.934753
-0.934753
-0.974059
-0.974059
-0.9786
-0.9786
1.06643
1.06643
-0.970221
-0.970221
-0.970221
-0.970221
-0.9786
-0.9786
-0.9786
-0.9786
0.927937
0.927937
-0.998174
-0.998174
-0.998174
-0.998174
1.01821
1.01821
1.07246
1.07246
0.973976
0.973976
-1.04887
-1.04887
1.00415
1.00415
1.07246
1.07246
0.882327
0.882327
1.12369
1.12369
0.96017
0.96017
0.96017
0.96017
0.878368
0.878368
-0.909017
-0.909017
-1.01821
-1.01821
0.93594
0.93594
-0.952568
-0.952568
-0.952568
-0.952568
1.09658
1.09658
-1.08591
-1.08591
-1.01821
-1.01821
-1.08591
-1.08591
0.900043
0.900043
-0.98984
-0.98984
-1.04887
-1.04887
-1.04887
-1.04887
-0.909532
-0.909532
1.07067
1.07067
-0.943094
-0.943094
-0.938487
-0.938487
-1.04419
-1.04419
1.07067
1.07067
-0.942731
-0.942731
1.04443
1.04443
0.927846
0.927846
-0.942731
-0.942731
0.903193
0.903193
1.04443
1.04443
1.04443
1.04443
1.04443
1.04443
1.04443
1.04443
-0.900185
-0.900185
0.821925
0.821925
-1.10457
-1.10457
0.990911
0.990911
0.942274
0.942274
1.01006
1.01006
1.04443
1.04443
1.04443
1.04443
0.997428
0.997428
1.01006
1.01006
0.942274
0.942274
0.942274
0.942274
0.889301
0.889301
0.942274
0.942274
0.859265
0.859265
0.859265
0.859265
1.08205
1.08205
0.859265
0.859265
0.868603
0.868603
0.997428
0.997428
1.00019
1.00019
0.868603
0.868603
1.01006
1.01006
1.01006
1.01006
1.00019
1.00019
0.892999
0.892999
1.02236
1.02236
0.892999
0.892999
-1.15356
-1.15356
1.04785
1.04785
1.04785
1.04785
1.04785
1.04785
1.04785
1.04785
-0.991735
-0.991735
-0.935463
-0.935463
1.04785
1.04785
1.04785
1.04785
0.905868
0.905868
-0.944594
-0.944594
0.905868
0.905868
-0.982977
-0.982977
1.07332
1.07332
-1.01735
-1.01735
-1.01735
-1.01735
-1.01735
-1.01735
1.16264
1.16264
-0.97118
-0.97118
-0.944594
-0.944594
-1.01735
-1.01735
1.02186
1.02186
0.946865
0.946865
-0.944594
-0.944594
-1.01735
-1.01735
1.02186
1.02186
-0.953396
-0.953396
0.951778
0.951778
-0.898477
-0.898477
0.873266
0.873266
-0.962247
-0.962247
-1.07336
-1.07336
0.925367
0.925367
1.06462
1.06462
-0.91469
-0.91469
-1.12321
-1.12321
-1.06534
-1.06534
-0.922859
-0.922859
-0.944594
-0.944594
-0.922859
-0.922859
-0.911952
-0.911952
0.969634
0.969634
-1.01968
-1.01968
-0.944312
-0.944312
-0.942368
-0.942368
0.934077
0.934077
1.01319
1.01319
1.01319
1.01319
-0.944594
-0.944594
-0.944594
-0.944594
1.08457
1.08457
-0.973003
-0.973003
-0.973003
-0.973003
1.1044
1.1044
0.934077
0.934077
-0.942368
-0.942368
-0.984478
-0.984478
0.877809
0.877809
-0.944594
-0.944594
-0.944312
-0.944312
0.958796
0.958796
0.958796
0.958796
-0.973003
-0.973003
0.958796
0.958796
1.0501
1.0501
0.990447
0.990447
0.935648
0.935648
1.02105
1.02105
-0.90551
-0.90551
0.935648
0.935648
0.981451
0.981451
1.02105
1.02105
0.971119
0.971119
-0.90551
-0.90551
-1.00815
-1.00815
-1.04848
-1.04848
-1.04848
-1.04848
-1.03245
-1.03245
-1.03245
-1.03245
-1.03245
-1.03245
-1.03245
-1.03245
-0.860476
-0.860476
0.929475
0.929475
-1.11884
-1.11884
-1.03245
-1.03245
-1.03245
-1.03245
-1.03245
-1.03245
-0.996693
-0.996693
0.981451
0.981451
1.0612
1.0612
-1.00815
-1.00815
-0.996693
-0.996693
-0.973847
-0.973847
-0.987908
-0.987908
-1.01957
-1.01957
-1.09029
-1.09029
1.03184
1.03184
-1.0032
-1.0032
1.09457
1.09457
1.04016
1.04016
-0.961307
-0.961307
1.09457
1.09457
1.01693
1.01693
1.07922
1.07922
-0.920416
-0.920416
-0.996693
-0.996693
-0.958059
-0.958059
1.04634
1.04634
1.04634
1.04634
1.04634
1.04634
-1.0014
-1.0014
1.08074
1.08074
-1.03694
-1.03694
1.08074
1.08074
-1.0014
-1.0014
-0.892741
-0.892741
-0.864529
-0.864529
-0.94266
-0.94266
1.04634
1.04634
1.04634
1.04634
1.04634
1.04634
-0.997736
-0.997736
-0.997736
-0.997736
-1.01737
-1.01737
1.12011
1.12011
0.920117
0.920117
-0.997736
-0.997736
1.07392
1.07392
-1.01737
-1.01737
-0.95512
-0.95512
-0.926025
-0.926025
1.12269
1.12269
-0.978489
-0.978489
-0.978489
-0.978489
-0.978489
-0.978489
-0.978489
-0.978489
0.942287
0.942287
-1.04023
-1.04023
-1.03233
-1.03233
-1.02491
-1.02491
-1.02838
-1.02838
-0.920386
-0.920386
-0.926025
-0.926025
-1.06
-1.06
-0.926025
-0.926025
-0.879399
-0.879399
-1.16507
-1.16507
-0.857623
-0.857623
-0.879399
-0.879399
1.0088
1.0088
1.0088
1.0088
-0.974079
-0.974079
-0.998133
-0.998133
-1.05861
-1.05861
-0.932181
-0.932181
0.970144
0.970144
-1.05861
-1.05861
-0.998133
-0.998133
-0.957966
-0.957966
-0.934504
-0.934504
-0.934504
-0.934504
-0.998133
-0.998133
-0.998133
-0.998133
-0.845451
-0.845451
-0.939603
-0.939603
-0.88949
-0.88949
-0.996161
-0.996161
-0.996161
-0.996161
-0.996161
-0.996161
-0.996161
-0.996161
-0.874378
-0.874378
-0.991471
-0.991471
-0.991471
-0.991471
-0.996161
-0.996161
-1.06137
-1.06137
1.00291
1.00291
-1.05009
-1.05009
-0.976312
-0.976312
1.05962
1.05962
-1.07702
-1.07702
-0.991676
-0.991676
-1.05009
-1.05009
-1.01894
-1.01894
1.05962
1.05962
-1.07702
-1.07702
0.966319
0.966319
1.05962
1.05962
-1.07702
-1.07702
-0.996161
-0.996161
-0.946959
-0.946959
-0.991676
-0.991676
-0.991676
-0.991676
-0.991676
-0.991676
-1.01894
-1.01894
1.00232
1.00232
0.91987
0.91987
1.06078
1.06078
0.91987
0.91987
-0.882983
-0.882983
-0.946959
-0.946959
-1.02661
-1.02661
-1.02661
-1.02661
-0.967924
-0.967924
-0.976312
-0.976312
-0.882983
-0.882983
-0.983042
-0.983042
0.963739
0.963739
-1.13262
-1.13262
0.959638
0.959638
-0.999684
-0.999684
0.84408
0.84408
1.06557
1.06557
0.876896
0.876896
1.06833
1.06833
1.03115
1.03115
0.876896
0.876896
-1.00665
-1.00665
-1.00665
-1.00665
0.91111
0.91111
1.04255
1.04255
-0.923772
-0.923772
1.01462
1.01462
-0.973262
-0.973262
1.01421
1.01421
-1.04786
-1.04786
0.99597
0.99597
0.99597
0.99597
0.99597
0.99597
0.944695
0.944695
-0.882053
-0.882053
-0.936065
-0.936065
-0.996169
-0.996169
0.955137
0.955137
0.973963
0.973963
-0.936065
-0.936065
-0.996169
-0.996169
-0.996169
-0.996169
0.99597
0.99597
0.978121
0.978121
0.920586
0.920586
0.920586
0.920586
0.920586
0.920586
-0.953843
-0.953843
0.991663
0.991663
0.991663
0.991663
0.920586
0.920586
-0.996169
-0.996169
0.995299
0.995299
-0.910494
-0.910494
0.995395
0.995395
1.00373
1.00373
0.995299
0.995299
-0.910494
-0.910494
0.981827
0.981827
0.969787
0.969787
0.976379
0.976379
-0.974818
-0.974818
1.03113
1.03113
0.969787
0.969787
0.976379
0.976379
0.941285
0.941285
-0.991111
-0.991111
-1.0324
-1.0324
-1.0324
-1.0324
0.905426
0.905426
-0.97856
-0.97856
-1.06644
-1.06644
0.953473
0.953473
-1.05398
-1.05398
0.976379
0.976379
-1.03414
-1.03414
-1.03414
-1.03414
1.10978
1.10978
-1.06644
-1.06644
-1.05398
-1.05398
-1.01407
-1.01407
-1.01407
-1.01407
-1.01407
-1.01407
-1.08606
-1.08606
-1.05559
-1.05559
-1.05398
-1.05398
-0.948853
-0.948853
-0.948853
-0.948853
-0.978127
-0.978127
-0.978127
-0.978127
-0.978127
-0.978127
-0.978127
-0.978127
1.08882
1.08882
-0.97875
-0.97875
1.08882
1.08882
-1.02567
-1.02567
0.905426
0.905426
-1.02344
-1.02344
1.05271
1.05271
0.957584
0.957584
-1.02567
-1.02567
-1.02344
-1.02344
1.05271
1.05271
1.02548
1.02548
-1.02567
-1.02567
-1.02567
-1.02567
-0.990858
-0.990858
-1.09265
-1.09265
-0.97875
-0.97875
1.05418
1.05418
-1.11133
-1.11133
-1.06665
-1.06665
-1.06665
-1.06665
-1.06665
-1.06665
1.14678
1.14678
-1.02567
-1.02567
-0.870159
-0.870159
1.08687
1.08687
1.01956
1.01956
0.933672
0.933672
0.933672
0.933672
-0.942933
-0.942933
-0.944984
-0.944984
-1.02497
-1.02497
-0.870416
-0.870416
-1.07881
-1.07881
-0.870416
-0.870416
-1.07298
-1.07298
1.07269
1.07269
-1.01524
-1.01524
-1.07659
-1.07659
-0.957654
-0.957654
-0.957654
-0.957654
0.970867
0.970867
-1.09441
-1.09441
-1.07659
-1.07659
-0.888984
-0.888984
1.07269
1.07269
0.878353
0.878353
1.01711
1.01711
0.878353
0.878353
-1.01831
-1.01831
-0.925426
-0.925426
0.878353
0.878353
1.07269
1.07269
0.878353
0.878353
-0.891668
-0.891668
0.992328
0.992328
0.992328
0.992328
-1.07351
-1.07351
0.941155
0.941155
-0.930235
-0.930235
1.01225
1.01225
-0.930235
-0.930235
0.975554
0.975554
-1.0435
-1.0435
1.06109
1.06109
-0.98561
-0.98561
-0.98561
-0.98561
0.851629
0.851629
0.957321
0.957321
0.985609
0.985609
0.972299
0.972299
-0.987406
-0.987406
0.973492
0.973492
-1.0435
-1.0435
0.976887
0.976887
1.01711
1.01711
-1.0435
-1.0435
-1.04217
-1.04217
0.985609
0.985609
0.985609
0.985609
0.972299
0.972299
-0.987406
-0.987406
-0.946756
-0.946756
-0.946505
-0.946505
0.971139
0.971139
-0.946505
-0.946505
-0.930388
-0.930388
1.05128
1.05128
-1.00886
-1.00886
0.98945
0.98945
-0.922875
-0.922875
1.06477
